Translation from orthogonal input basis vectors to the encoded space.
[0. 0. 0. 0. 0. 0. 0. 0. 0.] -> [ 0.04454188 -0.02339578  0.00528469]
[1. 0. 0. 0. 0. 0. 0. 0. 0.] -> [-0.5036639  -0.49763697 -1.1499844 ]
[0. 1. 0. 0. 0. 0. 0. 0. 0.] -> [ 0.86590624 -0.87626714  0.01459937]
[0. 0. 1. 0. 0. 0. 0. 0. 0.] -> [ 0.06588468  0.00596604 -0.45994198]
[0. 0. 0. 1. 0. 0. 0. 0. 0.] -> [ 0.4293056  -0.27860153  0.06220891]
[0. 0. 0. 0. 1. 0. 0. 0. 0.] -> [ 0.7137071  -0.6036011   0.04847792]
[0. 0. 0. 0. 0. 1. 0. 0. 0.] -> [ 0.436684   -0.42388016 -0.2569971 ]
[0. 0. 0. 0. 0. 0. 1. 0. 0.] -> [ 0.32539254 -0.27477914 -0.22426282]
[0. 0. 0. 0. 0. 0. 0. 1. 0.] -> [2.3124444 0.4963714 1.0478556]
[0. 0. 0. 0. 0. 0. 0. 0. 1.] -> [ 0.10814501 -0.374659   -0.71723086]
