Bruker Nano GmbH Berlin, Germany
Esprit 1.9

Date: 11/30/2016 12:04:37 PM
Real time: 9916
Life time: 9277
Pulse density: 1840

Primary energy: 80
Take off angle: 18
Tilt angle: 0
Azimut angle: 45

Detector type: SuperX
Window type: no window
Detector thickness: 0.45
Si dead layer:0.08

Calibration, lin.: 10.001
Calibration, abs.: -469.147
Mn FWHM: 130.766
Fano factor: 0.113
Channels: 2036

Energy Counts
-0.4691    0
-0.4591    0
-0.4491    0
-0.4391    0
-0.4291    0
-0.4191    0
-0.4091    0
-0.3991    0
-0.3891    0
-0.3791    0
-0.3691    0
-0.3591    0
-0.3491    0
-0.3391    0
-0.3291    0
-0.3191    0
-0.3091    0
-0.2991    0
-0.2891    0
-0.2791    0
-0.2691    0
-0.2591    0
-0.2491    0
-0.2391    0
-0.2291    0
-0.2191    0
-0.2091    0
-0.1991    0
-0.1891    0
-0.1791    0
-0.1691    0
-0.1591    0
-0.1491    0
-0.1391    0
-0.1291    0
-0.1191    0
-0.1091    0
-0.0991    0
-0.0891    0
-0.0791    3
-0.0691    7
-0.0591   22
-0.0491   55
-0.0391  167
-0.0291  389
-0.0191  717
-0.0091 1053
 0.0009 1310
 0.0109 1335
 0.0209 1070
 0.0309  732
 0.0409  400
 0.0509  168
 0.0609   59
 0.0709   18
 0.0809    2
 0.0909    1
 0.1009    0
 0.1109    0
 0.1209    0
 0.1309   17
 0.1409   24
 0.1509   27
 0.1609   16
 0.1709   34
 0.1809   26
 0.1909   30
 0.2009   45
 0.2109   58
 0.2209  133
 0.2309  220
 0.2409  360
 0.2509  472
 0.2609  614
 0.2709  653
 0.2809  697
 0.2909  578
 0.3009  442
 0.3109  263
 0.3209  172
 0.3309   94
 0.3409   51
 0.3509   40
 0.3609   46
 0.3709   62
 0.3809   69
 0.3909   69
 0.4009   67
 0.4109   54
 0.4209   54
 0.4309   47
 0.4409   25
 0.4509   44
 0.4609   46
 0.4709   78
 0.4809  114
 0.4909  171
  0.501  216
  0.511  271
  0.521  363
  0.531  331
  0.541  328
  0.551  259
  0.561  173
  0.571  108
  0.581   52
  0.591   28
  0.601   22
  0.611   13
  0.621   11
  0.631   12
  0.641   14
  0.651    7
  0.661   12
  0.671   13
  0.681   10
  0.691   16
  0.701    8
  0.711   11
  0.721    8
  0.731    8
  0.741    7
  0.751   17
  0.761    9
  0.771   15
  0.781   10
  0.791   18
  0.801    4
  0.811   13
  0.821    8
  0.831    6
  0.841   16
  0.851   13
  0.861    7
  0.871    8
  0.881   12
  0.891   12
  0.901   11
  0.911   12
  0.921   18
  0.931    6
  0.941   14
  0.951   13
  0.961   18
  0.971   19
  0.981   15
  0.991   23
  1.001   29
  1.011   37
  1.021   43
  1.031   51
  1.041   74
  1.051   63
  1.061   67
  1.071   77
  1.081   61
  1.091   54
  1.101   65
  1.111   40
  1.121   41
  1.131   43
  1.141   29
  1.151   23
  1.161   21
  1.171   16
  1.181   15
  1.191   10
  1.201    9
  1.211   12
  1.221   13
  1.231   10
  1.241   20
  1.251   13
  1.261   25
  1.271   22
  1.281   16
  1.291    9
  1.301   14
  1.311    9
  1.321    9
  1.331    7
  1.341   10
  1.351    8
  1.361    9
  1.371    2
  1.381    6
  1.391    7
  1.401    9
  1.411   13
  1.421    7
  1.431   10
  1.441    7
  1.451   11
  1.461    7
  1.471    7
  1.481    9
  1.491    8
 1.5011    9
 1.5111    8
 1.5211   14
 1.5311    9
 1.5411    7
 1.5511   10
 1.5611    7
 1.5711    7
 1.5811    5
 1.5911    6
 1.6011   15
 1.6111   10
 1.6211    9
 1.6311   12
 1.6411   14
 1.6511   15
 1.6611   19
 1.6711   30
 1.6811   40
 1.6911   90
 1.7011   93
 1.7111  124
 1.7211  178
 1.7311  215
 1.7411  216
 1.7511  231
 1.7611  236
 1.7711  173
 1.7811  134
 1.7911  128
 1.8011   81
 1.8111   53
 1.8211   36
 1.8311   27
 1.8411   20
 1.8511   17
 1.8611   13
 1.8711   12
 1.8811    6
 1.8911    9
 1.9011    8
 1.9111    5
 1.9211    4
 1.9311    7
 1.9411   11
 1.9511    9
 1.9611   11
 1.9711    5
 1.9811   11
 1.9911   13
 2.0011   11
 2.0111   15
 2.0211   13
 2.0311   16
 2.0411   19
 2.0511   27
 2.0611   39
 2.0711   23
 2.0811   23
 2.0911   26
 2.1011   25
 2.1111   29
 2.1211   21
 2.1311   29
 2.1411   21
 2.1511   13
 2.1611   10
 2.1711   17
 2.1811   13
 2.1911   14
 2.2011    7
 2.2111   22
 2.2211   20
 2.2311   26
 2.2411   34
 2.2511   51
 2.2611   62
 2.2711   95
 2.2811   91
 2.2911  133
 2.3011  144
 2.3111  120
 2.3211  139
 2.3311  141
 2.3411  116
 2.3511   88
 2.3611   83
 2.3711   62
 2.3811   37
 2.3911   34
 2.4011   23
 2.4111   19
 2.4211   14
 2.4311   10
 2.4411   13
 2.4511   12
 2.4611   12
 2.4711   13
 2.4811   21
 2.4911    9
 2.5012   13
 2.5112    8
 2.5212   12
 2.5312   13
 2.5412    8
 2.5512    9
 2.5612    7
 2.5712    5
 2.5812    8
 2.5912    3
 2.6012    7
 2.6112    5
 2.6212    4
 2.6312    3
 2.6412    7
 2.6512    3
 2.6612    8
 2.6712    4
 2.6812    6
 2.6912   11
 2.7012    5
 2.7112    3
 2.7212    2
 2.7312    1
 2.7412    1
 2.7512    5
 2.7612    6
 2.7712    2
 2.7812    3
 2.7912    4
 2.8012    7
 2.8112    2
 2.8212    3
 2.8312    2
 2.8412    6
 2.8512    3
 2.8612    2
 2.8712    4
 2.8812    2
 2.8912    4
 2.9012    1
 2.9112    3
 2.9212    7
 2.9312    6
 2.9412    3
 2.9512    1
 2.9612    2
 2.9712    3
 2.9812    3
 2.9912    2
 3.0012    6
 3.0112    3
 3.0212    4
 3.0312    2
 3.0412    2
 3.0512    4
 3.0612    6
 3.0712    3
 3.0812    2
 3.0912    2
 3.1012    3
 3.1112    4
 3.1212    2
 3.1312    0
 3.1412    1
 3.1512    4
 3.1612    6
 3.1712    2
 3.1812    4
 3.1912    1
 3.2012    4
 3.2112    1
 3.2212    5
 3.2312    2
 3.2412    2
 3.2512    5
 3.2612    7
 3.2712    4
 3.2812    4
 3.2912    8
 3.3012    3
 3.3112    4
 3.3212    5
 3.3312    7
 3.3412    2
 3.3512    6
 3.3612    0
 3.3712    0
 3.3812    3
 3.3912    4
 3.4012    3
 3.4112    3
 3.4212    0
 3.4312    6
 3.4412    2
 3.4512    5
 3.4612    3
 3.4712    5
 3.4812    5
 3.4912    2
 3.5013    6
 3.5113    4
 3.5213    3
 3.5313    3
 3.5413    2
 3.5513    1
 3.5613    2
 3.5713    1
 3.5813    2
 3.5913    1
 3.6013    2
 3.6113    4
 3.6213    4
 3.6313    1
 3.6413    4
 3.6513    1
 3.6613    0
 3.6713    2
 3.6813    5
 3.6913    8
 3.7013    3
 3.7113    8
 3.7213    3
 3.7313    3
 3.7413    3
 3.7513    3
 3.7613    4
 3.7713    3
 3.7813    2
 3.7913    3
 3.8013    0
 3.8113    5
 3.8213    3
 3.8313    2
 3.8413    1
 3.8513    3
 3.8613    2
 3.8713    1
 3.8813    5
 3.8913    3
 3.9013    3
 3.9113    4
 3.9213    2
 3.9313    2
 3.9413    1
 3.9513    5
 3.9613    1
 3.9713    3
 3.9813    1
 3.9913    2
 4.0013    2
 4.0113    3
 4.0213    4
 4.0313    1
 4.0413    2
 4.0513    7
 4.0613    0
 4.0713    4
 4.0813    3
 4.0913    3
 4.1013    1
 4.1113    0
 4.1213    3
 4.1313    0
 4.1413    0
 4.1513    1
 4.1613    0
 4.1713    4
 4.1813    6
 4.1913    2
 4.2013    1
 4.2113    4
 4.2213    1
 4.2313    2
 4.2413    3
 4.2513    4
 4.2613    4
 4.2713    2
 4.2813    3
 4.2913    3
 4.3013    2
 4.3113    6
 4.3213    4
 4.3313    4
 4.3413    1
 4.3513    2
 4.3613    3
 4.3713    3
 4.3813    2
 4.3913    1
 4.4013    4
 4.4113    3
 4.4213    5
 4.4313    3
 4.4413    6
 4.4513    5
 4.4613    5
 4.4713    3
 4.4813    1
 4.4913    1
 4.5014    3
 4.5114    3
 4.5214    3
 4.5314    1
 4.5414    0
 4.5514    2
 4.5614    4
 4.5714    0
 4.5814    2
 4.5914    3
 4.6014    1
 4.6114    2
 4.6214    5
 4.6314    4
 4.6414    1
 4.6514    3
 4.6614    2
 4.6714    5
 4.6814    0
 4.6914    2
 4.7014    0
 4.7114    3
 4.7214    3
 4.7314    2
 4.7414    0
 4.7514    3
 4.7614    2
 4.7714    1
 4.7814    1
 4.7914    5
 4.8014    4
 4.8114    2
 4.8214    1
 4.8314    4
 4.8414    0
 4.8514    0
 4.8614    1
 4.8714    3
 4.8814    2
 4.8914    4
 4.9014    2
 4.9114    2
 4.9214    0
 4.9314    3
 4.9414    2
 4.9514    1
 4.9614    2
 4.9714    1
 4.9814    0
 4.9914    2
 5.0014    2
 5.0114    2
 5.0214    2
 5.0314    2
 5.0414    0
 5.0514    1
 5.0614    1
 5.0714    2
 5.0814    1
 5.0914    1
 5.1014    1
 5.1114    1
 5.1214    1
 5.1314    1
 5.1414    2
 5.1514    2
 5.1614    0
 5.1714    1
 5.1814    2
 5.1914    0
 5.2014    4
 5.2114    0
 5.2214    1
 5.2314    4
 5.2414    2
 5.2514    1
 5.2614    0
 5.2714    5
 5.2814    2
 5.2914    1
 5.3014    2
 5.3114    1
 5.3214    1
 5.3314    2
 5.3414    1
 5.3514    1
 5.3614    3
 5.3714    5
 5.3814    2
 5.3914    4
 5.4014    3
 5.4114    2
 5.4214    1
 5.4314    1
 5.4414    1
 5.4514    4
 5.4614    1
 5.4714    1
 5.4814    2
 5.4914    3
 5.5015    2
 5.5115    2
 5.5215    1
 5.5315    3
 5.5415    0
 5.5515    0
 5.5615    1
 5.5715    1
 5.5815    0
 5.5915    1
 5.6015    1
 5.6115    3
 5.6215    4
 5.6315    2
 5.6415    0
 5.6515    6
 5.6615    1
 5.6715    2
 5.6815    3
 5.6915    0
 5.7015    3
 5.7115    5
 5.7215    1
 5.7315    4
 5.7415    1
 5.7515    1
 5.7615    1
 5.7715    2
 5.7815    1
 5.7915    1
 5.8015    3
 5.8115    5
 5.8215    1
 5.8315    2
 5.8415    1
 5.8515    3
 5.8615    2
 5.8715    1
 5.8815    1
 5.8915    1
 5.9015    4
 5.9115    2
 5.9215    4
 5.9315    0
 5.9415    2
 5.9515    0
 5.9615    1
 5.9715    3
 5.9815    2
 5.9915    1
 6.0015    2
 6.0115    2
 6.0215    1
 6.0315    4
 6.0415    0
 6.0515    1
 6.0615    1
 6.0715    1
 6.0815    0
 6.0915    0
 6.1015    1
 6.1115    2
 6.1215    1
 6.1315    3
 6.1415    0
 6.1515    3
 6.1615    0
 6.1715    2
 6.1815    1
 6.1915    0
 6.2015    1
 6.2115    1
 6.2215    2
 6.2315    1
 6.2415    1
 6.2515    0
 6.2615    3
 6.2715    5
 6.2815    4
 6.2915    1
 6.3015    3
 6.3115    1
 6.3215    3
 6.3315    5
 6.3415    3
 6.3515    3
 6.3615    4
 6.3715    3
 6.3815    4
 6.3915    2
 6.4015    7
 6.4115    4
 6.4215   14
 6.4315    8
 6.4415    5
 6.4515    3
 6.4615    4
 6.4715    2
 6.4815    5
 6.4915    1
 6.5016    4
 6.5116    2
 6.5216    1
 6.5316    2
 6.5416    0
 6.5516    1
 6.5616    2
 6.5716    0
 6.5816    3
 6.5916    0
 6.6016    1
 6.6116    0
 6.6216    0
 6.6316    0
 6.6416    1
 6.6516    1
 6.6616    2
 6.6716    4
 6.6816    2
 6.6916    4
 6.7016    1
 6.7116    2
 6.7216    0
 6.7316    1
 6.7416    3
 6.7516    1
 6.7616    2
 6.7716    1
 6.7816    2
 6.7916    0
 6.8016    2
 6.8116    2
 6.8216    4
 6.8316    2
 6.8416    3
 6.8516    2
 6.8616    3
 6.8716    3
 6.8816    3
 6.8916    2
 6.9016    1
 6.9116    1
 6.9216    3
 6.9316    2
 6.9416    1
 6.9516    4
 6.9616    0
 6.9716    4
 6.9816    3
 6.9916    4
 7.0016    2
 7.0116    3
 7.0216    3
 7.0316    2
 7.0416    1
 7.0516    2
 7.0616    1
 7.0716    2
 7.0816    2
 7.0916    7
 7.1016    1
 7.1116    6
 7.1216    1
 7.1316    2
 7.1416    3
 7.1516    2
 7.1616    4
 7.1716    0
 7.1816    1
 7.1916    1
 7.2016    4
 7.2116    3
 7.2216    2
 7.2316    2
 7.2416    1
 7.2516    1
 7.2616    2
 7.2716    0
 7.2816    1
 7.2916    3
 7.3016    2
 7.3116    1
 7.3216    1
 7.3316    1
 7.3416    5
 7.3516    2
 7.3616    2
 7.3716    2
 7.3816    3
 7.3916    0
 7.4016    2
 7.4116    3
 7.4216    3
 7.4316    3
 7.4416    0
 7.4516    1
 7.4616    1
 7.4716    0
 7.4816    0
 7.4916    2
 7.5017    0
 7.5117    0
 7.5217    1
 7.5317    0
 7.5417    0
 7.5517    1
 7.5617    1
 7.5717    2
 7.5817    2
 7.5917    4
 7.6017    1
 7.6117    2
 7.6217    0
 7.6317    2
 7.6417    2
 7.6517    3
 7.6617    0
 7.6717    1
 7.6817    1
 7.6917    1
 7.7017    1
 7.7117    3
 7.7217    1
 7.7317    1
 7.7417    1
 7.7517    4
 7.7617    0
 7.7717    0
 7.7817    2
 7.7917    0
 7.8017    2
 7.8117    1
 7.8217    1
 7.8317    2
 7.8417    1
 7.8517    3
 7.8617    2
 7.8717    2
 7.8817    4
 7.8917    2
 7.9017    2
 7.9117    2
 7.9217    0
 7.9317    2
 7.9417    2
 7.9517    6
 7.9617    8
 7.9717    9
 7.9817    6
 7.9917    6
 8.0017    4
 8.0117    7
 8.0217   11
 8.0317    8
 8.0417    4
 8.0517    6
 8.0617    3
 8.0717    4
 8.0817    4
 8.0917    5
 8.1017    6
 8.1117    4
 8.1217    3
 8.1317    3
 8.1417    2
 8.1517    1
 8.1617    5
 8.1717    4
 8.1817    4
 8.1917    3
 8.2017    0
 8.2117    1
 8.2217    2
 8.2317    2
 8.2417    1
 8.2517    0
 8.2617    2
 8.2717    1
 8.2817    0
 8.2917    2
 8.3017    3
 8.3117    0
 8.3217    3
 8.3317    1
 8.3417    0
 8.3517    3
 8.3617    2
 8.3717    1
 8.3817    0
 8.3917    2
 8.4017    1
 8.4117    0
 8.4217    4
 8.4317    1
 8.4417    0
 8.4517    3
 8.4617    1
 8.4717    3
 8.4817    0
 8.4917    1
 8.5018    3
 8.5118    1
 8.5218    0
 8.5318    0
 8.5418    2
 8.5518    1
 8.5618    2
 8.5718    4
 8.5818    1
 8.5918    1
 8.6018    0
 8.6118    1
 8.6218    2
 8.6318    2
 8.6418    1
 8.6518    4
 8.6618    3
 8.6718    3
 8.6818    2
 8.6918    1
 8.7018    2
 8.7118    1
 8.7218    2
 8.7318    0
 8.7418    3
 8.7518    1
 8.7618    4
 8.7718    3
 8.7818    1
 8.7918    2
 8.8018    0
 8.8118    2
 8.8218    3
 8.8318    1
 8.8418    4
 8.8518    5
 8.8618    1
 8.8718    4
 8.8818    0
 8.8918    3
 8.9018    3
 8.9118    1
 8.9218    3
 8.9318    2
 8.9418    1
 8.9518    1
 8.9618    3
 8.9718    2
 8.9818    5
 8.9918    4
 9.0018    5
 9.0118    1
 9.0218    1
 9.0318    4
 9.0418    2
 9.0518    1
 9.0618    2
 9.0718    3
 9.0818    0
 9.0918    3
 9.1018    4
 9.1118    3
 9.1218    6
 9.1318    6
 9.1418    3
 9.1518   11
 9.1618    5
 9.1718   10
 9.1818   13
 9.1918   11
 9.2018   16
 9.2118   15
 9.2218   18
 9.2318   15
 9.2418   14
 9.2518   14
 9.2618   18
 9.2718   14
 9.2818   16
 9.2918   15
 9.3018   12
 9.3118   13
 9.3218    8
 9.3318   14
 9.3418    8
 9.3518    9
 9.3618    7
 9.3718   12
 9.3818    6
 9.3918    7
 9.4018    3
 9.4118    6
 9.4218    9
 9.4318   10
 9.4418    9
 9.4518    4
 9.4618    3
 9.4718    3
 9.4818    5
 9.4918    6
 9.5019    5
 9.5119    3
 9.5219    3
 9.5319    4
 9.5419    4
 9.5519    2
 9.5619    2
 9.5719    4
 9.5819    3
 9.5919    2
 9.6019    7
 9.6119    2
 9.6219    3
 9.6319    3
 9.6419    1
 9.6519    1
 9.6619    1
 9.6719    1
 9.6819    2
 9.6919    2
 9.7019    2
 9.7119    1
 9.7219    0
 9.7319    0
 9.7419    0
 9.7519    0
 9.7619    0
 9.7719    2
 9.7819    1
 9.7919    1
 9.8019    2
 9.8119    1
 9.8219    2
 9.8319    0
 9.8419    0
 9.8519    1
 9.8619    1
 9.8719    0
 9.8819    2
 9.8919    2
 9.9019    1
 9.9119    1
 9.9219    4
 9.9319    3
 9.9419    1
 9.9519    3
 9.9619    4
 9.9719    1
 9.9819    0
 9.9919    0
10.0019    1
10.0119    1
10.0219    1
10.0319    0
10.0419    2
10.0519    1
10.0619    0
10.0719    0
10.0819    0
10.0919    0
10.1019    2
10.1119    0
10.1219    1
10.1319    6
10.1419    2
10.1519    1
10.1619    1
10.1719    4
10.1819    2
10.1919    1
10.2019    2
10.2119    1
10.2219    0
10.2319    6
10.2419    5
10.2519    2
10.2619    5
10.2719    2
10.2819    2
10.2919    2
10.3019    4
10.3119    3
10.3219    3
10.3319    3
10.3419    4
10.3519    2
10.3619    1
10.3719    4
10.3819    1
10.3919    1
10.4019    0
10.4119    0
10.4219    0
10.4319    0
10.4419    0
10.4519    2
10.4619    0
10.4719    1
10.4819    1
10.4919    1
 10.502    1
 10.512    0
 10.522    1
 10.532    3
 10.542    0
 10.552    1
 10.562    0
 10.572    0
 10.582    1
 10.592    1
 10.602    0
 10.612    1
 10.622    1
 10.632    1
 10.642    0
 10.652    0
 10.662    1
 10.672    0
 10.682    1
 10.692    0
 10.702    1
 10.712    2
 10.722    0
 10.732    1
 10.742    3
 10.752    1
 10.762    0
 10.772    0
 10.782    0
 10.792    0
 10.802    1
 10.812    2
 10.822    1
 10.832    2
 10.842    1
 10.852    1
 10.862    2
 10.872    2
 10.882    1
 10.892    0
 10.902    2
 10.912    2
 10.922    0
 10.932    1
 10.942    3
 10.952    1
 10.962    2
 10.972    1
 10.982    0
 10.992    2
 11.002    6
 11.012    4
 11.022    4
 11.032    6
 11.042    4
 11.052    4
 11.062    4
 11.072    6
 11.082    6
 11.092    4
 11.102    4
 11.112    2
 11.122    4
 11.132    4
 11.142    5
 11.152    3
 11.162    5
 11.172    2
 11.182    4
 11.192    4
 11.202    3
 11.212    2
 11.222    3
 11.232    2
 11.242    2
 11.252    2
 11.262    1
 11.272    0
 11.282    1
 11.292    2
 11.302    0
 11.312    0
 11.322    1
 11.332    3
 11.342    0
 11.352    0
 11.362    0
 11.372    1
 11.382    0
 11.392    1
 11.402    1
 11.412    1
 11.422    2
 11.432    1
 11.442    1
 11.452    0
 11.462    0
 11.472    1
 11.482    1
 11.492    0
11.5021    1
11.5121    1
11.5221    0
11.5321    1
11.5421    0
11.5521    1
11.5621    0
11.5721    2
11.5821    0
11.5921    0
11.6021    2
11.6121    2
11.6221    0
11.6321    2
11.6421    2
11.6521    1
11.6621    0
11.6721    1
11.6821    0
11.6921    0
11.7021    3
11.7121    0
11.7221    0
11.7321    0
11.7421    1
11.7521    0
11.7621    1
11.7721    2
11.7821    0
11.7921    1
11.8021    0
11.8121    1
11.8221    1
11.8321    1
11.8421    3
11.8521    0
11.8621    0
11.8721    3
11.8821    2
11.8921    1
11.9021    1
11.9121    2
11.9221    0
11.9321    1
11.9421    1
11.9521    0
11.9621    2
11.9721    0
11.9821    4
11.9921    1
12.0021    4
12.0121    0
12.0221    0
12.0321    1
12.0421    2
12.0521    0
12.0621    0
12.0721    0
12.0821    1
12.0921    1
12.1021    1
12.1121    2
12.1221    0
12.1321    2
12.1421    2
12.1521    0
12.1621    0
12.1721    0
12.1821    0
12.1921    0
12.2021    0
12.2121    0
12.2221    1
12.2321    0
12.2421    0
12.2521    0
12.2621    2
12.2721    3
12.2821    1
12.2921    0
12.3021    0
12.3121    0
12.3221    0
12.3321    1
12.3421    1
12.3521    0
12.3621    0
12.3721    0
12.3821    1
12.3921    1
12.4021    1
12.4121    0
12.4221    2
12.4321    1
12.4421    0
12.4521    0
12.4621    2
12.4721    1
12.4821    1
12.4921    0
12.5022    0
12.5122    3
12.5222    1
12.5322    1
12.5422    2
12.5522    2
12.5622    1
12.5722    1
12.5822    0
12.5922    0
12.6022    2
12.6122    2
12.6222    0
12.6322    0
12.6422    0
12.6522    1
12.6622    0
12.6722    1
12.6822    3
12.6922    0
12.7022    0
12.7122    0
12.7222    0
12.7322    0
12.7422    0
12.7522    2
12.7622    0
12.7722    0
12.7822    2
12.7922    0
12.8022    1
12.8122    0
12.8222    1
12.8322    0
12.8422    1
12.8522    0
12.8622    0
12.8722    2
12.8822    2
12.8922    1
12.9022    1
12.9122    3
12.9222    3
12.9322    1
12.9422    1
12.9522    0
12.9622    0
12.9722    0
12.9822    1
12.9922    1
13.0022    2
13.0122    0
13.0222    2
13.0322    0
13.0422    0
13.0522    0
13.0622    2
13.0722    0
13.0822    0
13.0922    1
13.1022    0
13.1122    1
13.1222    1
13.1322    0
13.1422    0
13.1522    1
13.1622    0
13.1722    0
13.1822    0
13.1922    2
13.2022    0
13.2122    0
13.2222    0
13.2322    0
13.2422    0
13.2522    0
13.2622    0
13.2722    0
13.2822    1
13.2922    0
13.3022    0
13.3122    1
13.3222    1
13.3322    1
13.3422    1
13.3522    0
13.3622    0
13.3722    1
13.3822    0
13.3922    0
13.4022    0
13.4122    1
13.4222    1
13.4322    0
13.4422    0
13.4522    1
13.4622    0
13.4722    0
13.4822    0
13.4922    1
13.5023    1
13.5123    1
13.5223    0
13.5323    3
13.5423    4
13.5523    0
13.5623    0
13.5723    0
13.5823    1
13.5923    0
13.6023    1
13.6123    0
13.6223    1
13.6323    0
13.6423    0
13.6523    0
13.6623    1
13.6723    0
13.6823    2
13.6923    1
13.7023    0
13.7123    2
13.7223    4
13.7323    0
13.7423    1
13.7523    0
13.7623    0
13.7723    0
13.7823    0
13.7923    0
13.8023    0
13.8123    1
13.8223    1
13.8323    1
13.8423    0
13.8523    0
13.8623    0
13.8723    0
13.8823    0
13.8923    0
13.9023    1
13.9123    1
13.9223    0
13.9323    1
13.9423    0
13.9523    1
13.9623    0
13.9723    0
13.9823    1
13.9923    0
14.0023    2
14.0123    0
14.0223    2
14.0323    0
14.0423    0
14.0523    0
14.0623    0
14.0723    2
14.0823    1
14.0923    0
14.1023    1
14.1123    0
14.1223    1
14.1323    1
14.1423    1
14.1523    1
14.1623    0
14.1723    0
14.1823    0
14.1923    0
14.2023    0
14.2123    1
14.2223    0
14.2323    0
14.2423    0
14.2523    0
14.2623    1
14.2723    0
14.2823    0
14.2923    2
14.3023    1
14.3123    1
14.3223    0
14.3323    0
14.3423    1
14.3523    0
14.3623    1
14.3723    2
14.3823    1
14.3923    0
14.4023    0
14.4123    1
14.4223    2
14.4323    0
14.4423    0
14.4523    0
14.4623    0
14.4723    1
14.4823    1
14.4923    0
14.5024    0
14.5124    1
14.5224    1
14.5324    0
14.5424    0
14.5524    0
14.5624    2
14.5724    0
14.5824    1
14.5924    1
14.6024    0
14.6124    4
14.6224    0
14.6324    0
14.6424    0
14.6524    3
14.6624    0
14.6724    2
14.6824    0
14.6924    0
14.7024    1
14.7124    0
14.7224    0
14.7324    1
14.7424    0
14.7524    0
14.7624    1
14.7724    0
14.7824    1
14.7924    0
14.8024    2
14.8124    0
14.8224    0
14.8324    0
14.8424    1
14.8524    0
14.8624    1
14.8724    0
14.8824    0
14.8924    1
14.9024    1
14.9124    0
14.9224    1
14.9324    1
14.9424    1
14.9524    1
14.9624    0
14.9724    0
14.9824    0
14.9924    2
15.0024    0
15.0124    0
15.0224    0
15.0324    1
15.0424    1
15.0524    1
15.0624    0
15.0724    0
15.0824    1
15.0924    0
15.1024    1
15.1124    1
15.1224    1
15.1324    0
15.1424    0
15.1524    2
15.1624    1
15.1724    0
15.1824    1
15.1924    0
15.2024    1
15.2124    1
15.2224    0
15.2324    1
15.2424    0
15.2524    0
15.2624    1
15.2724    0
15.2824    1
15.2924    1
15.3024    1
15.3124    0
15.3224    0
15.3324    1
15.3424    0
15.3524    0
15.3624    0
15.3724    0
15.3824    1
15.3924    0
15.4024    1
15.4124    0
15.4224    0
15.4324    0
15.4424    0
15.4524    1
15.4624    0
15.4724    1
15.4824    0
15.4924    1
15.5025    1
15.5125    0
15.5225    0
15.5325    0
15.5425    0
15.5525    0
15.5625    0
15.5725    1
15.5825    0
15.5925    0
15.6025    1
15.6125    1
15.6225    1
15.6325    1
15.6425    1
15.6525    2
15.6625    1
15.6725    0
15.6825    0
15.6925    2
15.7025    0
15.7125    0
15.7225    0
15.7325    0
15.7425    2
15.7525    0
15.7625    0
15.7725    0
15.7825    0
15.7925    0
15.8025    1
15.8125    0
15.8225    0
15.8325    1
15.8425    2
15.8525    0
15.8625    0
15.8725    2
15.8825    0
15.8925    1
15.9025    0
15.9125    1
15.9225    0
15.9325    0
15.9425    1
15.9525    0
15.9625    0
15.9725    0
15.9825    2
15.9925    0
16.0025    0
16.0125    1
16.0225    1
16.0325    0
16.0425    1
16.0525    0
16.0625    2
16.0725    0
16.0825    0
16.0925    0
16.1025    0
16.1125    0
16.1225    1
16.1325    2
16.1425    0
16.1525    1
16.1625    0
16.1725    1
16.1825    0
16.1925    0
16.2025    2
16.2125    1
16.2225    0
16.2325    0
16.2425    1
16.2525    0
16.2625    0
16.2725    0
16.2825    0
16.2925    1
16.3025    1
16.3125    0
16.3225    1
16.3325    0
16.3425    0
16.3525    0
16.3625    0
16.3725    0
16.3825    0
16.3925    0
16.4025    0
16.4125    0
16.4225    1
16.4325    1
16.4425    1
16.4525    0
16.4625    0
16.4725    0
16.4825    0
16.4925    1
16.5026    1
16.5126    0
16.5226    0
16.5326    0
16.5426    0
16.5526    0
16.5626    0
16.5726    1
16.5826    0
16.5926    0
16.6026    0
16.6126    0
16.6226    0
16.6326    1
16.6426    0
16.6526    0
16.6626    2
16.6726    1
16.6826    0
16.6926    0
16.7026    1
16.7126    0
16.7226    1
16.7326    0
16.7426    0
16.7526    0
16.7626    1
16.7726    1
16.7826    0
16.7926    0
16.8026    1
16.8126    0
16.8226    0
16.8326    0
16.8426    0
16.8526    0
16.8626    1
16.8726    0
16.8826    0
16.8926    0
16.9026    0
16.9126    0
16.9226    0
16.9326    0
16.9426    0
16.9526    0
16.9626    1
16.9726    2
16.9826    1
16.9926    0
17.0026    0
17.0126    1
17.0226    1
17.0326    0
17.0426    0
17.0526    0
17.0626    0
17.0726    1
17.0826    2
17.0926    0
17.1026    1
17.1126    0
17.1226    0
17.1326    0
17.1426    1
17.1526    0
17.1626    3
17.1726    0
17.1826    1
17.1926    0
17.2026    0
17.2126    0
17.2226    0
17.2326    0
17.2426    1
17.2526    1
17.2626    0
17.2726    0
17.2826    1
17.2926    0
17.3026    0
17.3126    1
17.3226    0
17.3326    0
17.3426    1
17.3526    0
17.3626    0
17.3726    0
17.3826    0
17.3926    1
17.4026    0
17.4126    1
17.4226    0
17.4326    0
17.4426    0
17.4526    0
17.4626    0
17.4726    0
17.4826    0
17.4926    1
17.5027    0
17.5127    1
17.5227    0
17.5327    0
17.5427    0
17.5527    0
17.5627    0
17.5727    1
17.5827    1
17.5927    1
17.6027    0
17.6127    1
17.6227    2
17.6327    0
17.6427    0
17.6527    2
17.6627    0
17.6727    0
17.6827    0
17.6927    0
17.7027    0
17.7127    0
17.7227    0
17.7327    1
17.7427    0
17.7527    0
17.7627    0
17.7727    0
17.7827    0
17.7927    0
17.8027    0
17.8127    1
17.8227    0
17.8327    0
17.8427    0
17.8527    1
17.8627    0
17.8727    0
17.8827    2
17.8927    0
17.9027    0
17.9127    0
17.9227    1
17.9327    0
17.9427    0
17.9527    0
17.9627    0
17.9727    1
17.9827    0
17.9927    0
18.0027    0
18.0127    1
18.0227    0
18.0327    1
18.0427    0
18.0527    1
18.0627    0
18.0727    2
18.0827    0
18.0927    0
18.1027    0
18.1127    0
18.1227    0
18.1327    1
18.1427    0
18.1527    0
18.1627    0
18.1727    0
18.1827    0
18.1927    0
18.2027    1
18.2127    0
18.2227    0
18.2327    1
18.2427    1
18.2527    0
18.2627    1
18.2727    0
18.2827    0
18.2927    0
18.3027    0
18.3127    0
18.3227    1
18.3327    0
18.3427    0
18.3527    0
18.3627    1
18.3727    0
18.3827    0
18.3927    0
18.4027    0
18.4127    1
18.4227    0
18.4327    0
18.4427    0
18.4527    0
18.4627    1
18.4727    0
18.4827    0
18.4927    0
18.5028    0
18.5128    0
18.5228    0
18.5328    0
18.5428    0
18.5528    1
18.5628    0
18.5728    0
18.5828    1
18.5928    0
18.6028    0
18.6128    1
18.6228    0
18.6328    0
18.6428    1
18.6528    0
18.6628    0
18.6728    0
18.6828    0
18.6928    1
18.7028    0
18.7128    0
18.7228    0
18.7328    0
18.7428    1
18.7528    0
18.7628    0
18.7728    0
18.7828    0
18.7928    1
18.8028    0
18.8128    0
18.8228    0
18.8328    0
18.8428    0
18.8528    2
18.8628    0
18.8728    1
18.8828    0
18.8928    0
18.9028    1
18.9128    0
18.9228    0
18.9328    0
18.9428    0
18.9528    0
18.9628    0
18.9728    0
18.9828    1
18.9928    0
19.0028    1
19.0128    0
19.0228    0
19.0328    0
19.0428    0
19.0528    0
19.0628    0
19.0728    0
19.0828    1
19.0928    0
19.1028    0
19.1128    0
19.1228    0
19.1328    0
19.1428    0
19.1528    0
19.1628    0
19.1728    0
19.1828    0
19.1928    0
19.2028    0
19.2128    0
19.2228    0
19.2328    0
19.2428    0
19.2528    0
19.2628    0
19.2728    2
19.2828    0
19.2928    0
19.3028    1
19.3128    1
19.3228    1
19.3328    1
19.3428    1
19.3528    0
19.3628    0
19.3728    1
19.3828    2
19.3928    2
19.4028    0
19.4128    1
19.4228    0
19.4328    0
19.4428    0
19.4528    0
19.4628    0
19.4728    1
19.4828    0
19.4928    0
19.5029    1
19.5129    0
19.5229    0
19.5329    0
19.5429    0
19.5529    0
19.5629    0
19.5729    0
19.5829    0
19.5929    1
19.6029    0
19.6129    0
19.6229    0
19.6329    0
19.6429    0
19.6529    0
19.6629    0
19.6729    0
19.6829    1
19.6929    0
19.7029    0
19.7129    0
19.7229    0
19.7329    0
19.7429    0
19.7529    0
19.7629    0
19.7729    0
19.7829    0
19.7929    1
19.8029    0
19.8129    0
19.8229    1
19.8329    0
19.8429    0
19.8529    0
19.8629    0
19.8729    0
19.8829    1
