Bruker Nano GmbH Berlin, Germany
Esprit 1.9

Date: 11/30/2016 12:04:37 PM
Real time: 4927
Life time: 4646
Pulse density: 1348

Primary energy: 80
Take off angle: 18
Tilt angle: 0
Azimut angle: 45

Detector type: SuperX
Window type: no window
Detector thickness: 0.45
Si dead layer:0.08

Calibration, lin.: 10.001
Calibration, abs.: -469.147
Mn FWHM: 131.172
Fano factor: 0.113
Channels: 2028

Energy Counts
-0.4691   0
-0.4591   0
-0.4491   0
-0.4391   0
-0.4291   0
-0.4191   0
-0.4091   0
-0.3991   0
-0.3891   0
-0.3791   0
-0.3691   0
-0.3591   0
-0.3491   0
-0.3391   0
-0.3291   0
-0.3191   0
-0.3091   0
-0.2991   0
-0.2891   0
-0.2791   0
-0.2691   0
-0.2591   0
-0.2491   0
-0.2391   0
-0.2291   0
-0.2191   0
-0.2091   0
-0.1991   0
-0.1891   0
-0.1791   0
-0.1691   0
-0.1591   0
-0.1491   0
-0.1391   0
-0.1291   0
-0.1191   0
-0.1091   0
-0.0991   0
-0.0891   0
-0.0791   1
-0.0691   2
-0.0591   8
-0.0491  40
-0.0391  92
-0.0291 189
-0.0191 373
-0.0091 522
 0.0009 631
 0.0109 645
 0.0209 579
 0.0309 334
 0.0409 212
 0.0509  89
 0.0609  29
 0.0709   9
 0.0809   4
 0.0909   1
 0.1009   0
 0.1109   0
 0.1209   1
 0.1309  10
 0.1409   8
 0.1509   8
 0.1609   7
 0.1709   3
 0.1809   4
 0.1909   4
 0.2009  10
 0.2109  15
 0.2209  26
 0.2309  50
 0.2409  70
 0.2509  99
 0.2609 141
 0.2709 183
 0.2809 150
 0.2909 130
 0.3009 109
 0.3109  61
 0.3209  38
 0.3309  31
 0.3409  16
 0.3509   9
 0.3609  20
 0.3709  11
 0.3809  21
 0.3909  10
 0.4009  17
 0.4109  22
 0.4209  15
 0.4309  11
 0.4409  12
 0.4509  12
 0.4609  14
 0.4709  20
 0.4809  36
 0.4909  44
  0.501  57
  0.511  54
  0.521  76
  0.531  85
  0.541  78
  0.551  43
  0.561  53
  0.571  28
  0.581   9
  0.591  11
  0.601   5
  0.611   3
  0.621   3
  0.631   1
  0.641   4
  0.651   8
  0.661   5
  0.671   2
  0.681   7
  0.691   6
  0.701   4
  0.711   7
  0.721   3
  0.731   1
  0.741   8
  0.751   6
  0.761   3
  0.771   3
  0.781   5
  0.791   1
  0.801   3
  0.811   6
  0.821   4
  0.831   2
  0.841   4
  0.851   4
  0.861   5
  0.871   1
  0.881   0
  0.891   3
  0.901   3
  0.911   3
  0.921   4
  0.931   5
  0.941  10
  0.951   6
  0.961   7
  0.971   7
  0.981   4
  0.991   9
  1.001   9
  1.011   9
  1.021  14
  1.031  13
  1.041  12
  1.051  19
  1.061  19
  1.071  12
  1.081  17
  1.091  23
  1.101  23
  1.111  17
  1.121  22
  1.131  16
  1.141  18
  1.151  18
  1.161  11
  1.171   8
  1.181   8
  1.191   7
  1.201   7
  1.211   7
  1.221   7
  1.231   6
  1.241  12
  1.251   7
  1.261   4
  1.271  10
  1.281   7
  1.291   8
  1.301  10
  1.311   1
  1.321   2
  1.331   1
  1.341   1
  1.351   2
  1.361   2
  1.371   5
  1.381   3
  1.391   4
  1.401   5
  1.411   3
  1.421   6
  1.431   1
  1.441   4
  1.451   4
  1.461   8
  1.471   3
  1.481   2
  1.491   2
 1.5011  10
 1.5111   0
 1.5211   1
 1.5311   3
 1.5411   1
 1.5511   5
 1.5611   5
 1.5711   6
 1.5811   3
 1.5911   4
 1.6011   6
 1.6111   8
 1.6211   7
 1.6311   7
 1.6411   7
 1.6511   5
 1.6611   8
 1.6711  24
 1.6811  23
 1.6911  37
 1.7011  48
 1.7111  76
 1.7211  89
 1.7311 104
 1.7411 118
 1.7511 130
 1.7611  97
 1.7711  88
 1.7811  92
 1.7911  46
 1.8011  45
 1.8111  35
 1.8211  23
 1.8311  14
 1.8411   9
 1.8511  11
 1.8611  11
 1.8711   6
 1.8811   8
 1.8911   5
 1.9011   4
 1.9111   5
 1.9211   9
 1.9311   4
 1.9411   3
 1.9511   5
 1.9611   9
 1.9711   6
 1.9811   8
 1.9911  11
 2.0011  14
 2.0111  20
 2.0211  21
 2.0311  24
 2.0411  38
 2.0511  48
 2.0611  45
 2.0711  34
 2.0811  35
 2.0911  36
 2.1011  37
 2.1111  34
 2.1211  31
 2.1311  27
 2.1411  20
 2.1511  17
 2.1611   9
 2.1711  15
 2.1811   9
 2.1911  13
 2.2011   8
 2.2111   9
 2.2211   8
 2.2311   4
 2.2411   4
 2.2511  13
 2.2611  14
 2.2711   9
 2.2811  18
 2.2911  20
 2.3011  16
 2.3111  24
 2.3211  23
 2.3311  23
 2.3411  14
 2.3511  22
 2.3611  11
 2.3711  13
 2.3811  11
 2.3911   4
 2.4011   1
 2.4111   7
 2.4211   3
 2.4311   2
 2.4411   2
 2.4511   3
 2.4611   2
 2.4711   2
 2.4811   2
 2.4911   4
 2.5012   0
 2.5112   1
 2.5212   2
 2.5312   2
 2.5412   0
 2.5512   0
 2.5612   5
 2.5712   3
 2.5812   7
 2.5912   3
 2.6012   1
 2.6112   4
 2.6212   4
 2.6312   3
 2.6412   5
 2.6512   4
 2.6612   1
 2.6712   3
 2.6812   0
 2.6912   6
 2.7012   2
 2.7112   3
 2.7212   1
 2.7312   3
 2.7412   1
 2.7512   3
 2.7612   1
 2.7712   5
 2.7812   2
 2.7912   1
 2.8012   0
 2.8112   0
 2.8212   3
 2.8312   6
 2.8412   2
 2.8512   2
 2.8612   2
 2.8712   3
 2.8812   0
 2.8912   2
 2.9012   0
 2.9112   0
 2.9212   2
 2.9312   3
 2.9412   3
 2.9512   1
 2.9612   1
 2.9712   1
 2.9812   0
 2.9912   1
 3.0012   1
 3.0112   2
 3.0212   3
 3.0312   0
 3.0412   2
 3.0512   2
 3.0612   1
 3.0712   1
 3.0812   1
 3.0912   1
 3.1012   1
 3.1112   1
 3.1212   2
 3.1312   1
 3.1412   5
 3.1512   0
 3.1612   0
 3.1712   0
 3.1812   1
 3.1912   0
 3.2012   2
 3.2112   0
 3.2212   0
 3.2312   1
 3.2412   1
 3.2512   0
 3.2612   2
 3.2712   1
 3.2812   3
 3.2912   3
 3.3012   1
 3.3112   3
 3.3212   2
 3.3312   3
 3.3412   0
 3.3512   1
 3.3612   2
 3.3712   2
 3.3812   2
 3.3912   5
 3.4012   4
 3.4112   4
 3.4212   0
 3.4312   2
 3.4412   2
 3.4512   2
 3.4612   2
 3.4712   0
 3.4812   0
 3.4912   1
 3.5013   1
 3.5113   0
 3.5213   1
 3.5313   1
 3.5413   2
 3.5513   1
 3.5613   1
 3.5713   2
 3.5813   2
 3.5913   0
 3.6013   1
 3.6113   2
 3.6213   1
 3.6313   0
 3.6413   0
 3.6513   1
 3.6613   1
 3.6713   0
 3.6813   3
 3.6913   0
 3.7013   0
 3.7113   3
 3.7213   1
 3.7313   1
 3.7413   1
 3.7513   3
 3.7613   2
 3.7713   1
 3.7813   1
 3.7913   0
 3.8013   3
 3.8113   2
 3.8213   3
 3.8313   0
 3.8413   0
 3.8513   1
 3.8613   1
 3.8713   0
 3.8813   2
 3.8913   2
 3.9013   2
 3.9113   4
 3.9213   1
 3.9313   1
 3.9413   2
 3.9513   0
 3.9613   0
 3.9713   1
 3.9813   1
 3.9913   2
 4.0013   2
 4.0113   0
 4.0213   0
 4.0313   2
 4.0413   1
 4.0513   2
 4.0613   1
 4.0713   1
 4.0813   0
 4.0913   0
 4.1013   2
 4.1113   3
 4.1213   1
 4.1313   2
 4.1413   0
 4.1513   4
 4.1613   2
 4.1713   0
 4.1813   1
 4.1913   1
 4.2013   0
 4.2113   2
 4.2213   1
 4.2313   0
 4.2413   0
 4.2513   3
 4.2613   1
 4.2713   0
 4.2813   0
 4.2913   0
 4.3013   2
 4.3113   3
 4.3213   1
 4.3313   2
 4.3413   0
 4.3513   1
 4.3613   0
 4.3713   0
 4.3813   2
 4.3913   1
 4.4013   0
 4.4113   3
 4.4213   0
 4.4313   0
 4.4413   0
 4.4513   3
 4.4613   2
 4.4713   0
 4.4813   1
 4.4913   1
 4.5014   1
 4.5114   0
 4.5214   1
 4.5314   0
 4.5414   0
 4.5514   0
 4.5614   1
 4.5714   1
 4.5814   1
 4.5914   1
 4.6014   3
 4.6114   1
 4.6214   1
 4.6314   0
 4.6414   2
 4.6514   1
 4.6614   0
 4.6714   0
 4.6814   0
 4.6914   0
 4.7014   2
 4.7114   1
 4.7214   1
 4.7314   2
 4.7414   5
 4.7514   0
 4.7614   1
 4.7714   1
 4.7814   2
 4.7914   1
 4.8014   0
 4.8114   1
 4.8214   0
 4.8314   0
 4.8414   1
 4.8514   1
 4.8614   0
 4.8714   3
 4.8814   2
 4.8914   2
 4.9014   2
 4.9114   2
 4.9214   0
 4.9314   3
 4.9414   0
 4.9514   0
 4.9614   1
 4.9714   2
 4.9814   1
 4.9914   1
 5.0014   2
 5.0114   0
 5.0214   2
 5.0314   3
 5.0414   1
 5.0514   3
 5.0614   0
 5.0714   3
 5.0814   3
 5.0914   1
 5.1014   3
 5.1114   1
 5.1214   2
 5.1314   0
 5.1414   2
 5.1514   1
 5.1614   0
 5.1714   1
 5.1814   1
 5.1914   1
 5.2014   0
 5.2114   3
 5.2214   0
 5.2314   6
 5.2414   0
 5.2514   4
 5.2614   1
 5.2714   3
 5.2814   1
 5.2914   0
 5.3014   1
 5.3114   0
 5.3214   0
 5.3314   0
 5.3414   1
 5.3514   0
 5.3614   0
 5.3714   1
 5.3814   2
 5.3914   1
 5.4014   0
 5.4114   0
 5.4214   0
 5.4314   1
 5.4414   0
 5.4514   0
 5.4614   0
 5.4714   3
 5.4814   1
 5.4914   2
 5.5015   0
 5.5115   2
 5.5215   0
 5.5315   4
 5.5415   0
 5.5515   2
 5.5615   0
 5.5715   1
 5.5815   2
 5.5915   1
 5.6015   4
 5.6115   0
 5.6215   1
 5.6315   1
 5.6415   0
 5.6515   1
 5.6615   2
 5.6715   0
 5.6815   2
 5.6915   2
 5.7015   0
 5.7115   2
 5.7215   1
 5.7315   1
 5.7415   1
 5.7515   0
 5.7615   0
 5.7715   0
 5.7815   0
 5.7915   0
 5.8015   0
 5.8115   0
 5.8215   2
 5.8315   1
 5.8415   3
 5.8515   2
 5.8615   0
 5.8715   2
 5.8815   0
 5.8915   0
 5.9015   0
 5.9115   0
 5.9215   0
 5.9315   1
 5.9415   1
 5.9515   0
 5.9615   0
 5.9715   0
 5.9815   1
 5.9915   0
 6.0015   2
 6.0115   0
 6.0215   0
 6.0315   0
 6.0415   1
 6.0515   0
 6.0615   0
 6.0715   0
 6.0815   2
 6.0915   2
 6.1015   2
 6.1115   0
 6.1215   1
 6.1315   1
 6.1415   0
 6.1515   1
 6.1615   1
 6.1715   1
 6.1815   2
 6.1915   0
 6.2015   1
 6.2115   1
 6.2215   3
 6.2315   1
 6.2415   1
 6.2515   0
 6.2615   1
 6.2715   2
 6.2815   2
 6.2915   2
 6.3015   2
 6.3115   1
 6.3215   0
 6.3315   2
 6.3415   0
 6.3515   2
 6.3615   3
 6.3715   1
 6.3815   1
 6.3915   3
 6.4015   4
 6.4115   2
 6.4215   3
 6.4315   2
 6.4415   2
 6.4515   0
 6.4615   1
 6.4715   1
 6.4815   2
 6.4915   0
 6.5016   0
 6.5116   2
 6.5216   0
 6.5316   1
 6.5416   3
 6.5516   2
 6.5616   0
 6.5716   1
 6.5816   1
 6.5916   2
 6.6016   1
 6.6116   0
 6.6216   1
 6.6316   1
 6.6416   2
 6.6516   0
 6.6616   1
 6.6716   0
 6.6816   0
 6.6916   0
 6.7016   0
 6.7116   1
 6.7216   1
 6.7316   0
 6.7416   0
 6.7516   2
 6.7616   2
 6.7716   0
 6.7816   0
 6.7916   0
 6.8016   0
 6.8116   1
 6.8216   0
 6.8316   0
 6.8416   1
 6.8516   1
 6.8616   1
 6.8716   0
 6.8816   1
 6.8916   0
 6.9016   1
 6.9116   2
 6.9216   0
 6.9316   1
 6.9416   1
 6.9516   1
 6.9616   2
 6.9716   3
 6.9816   1
 6.9916   1
 7.0016   1
 7.0116   3
 7.0216   3
 7.0316   3
 7.0416   0
 7.0516   2
 7.0616   1
 7.0716   1
 7.0816   0
 7.0916   0
 7.1016   0
 7.1116   0
 7.1216   3
 7.1316   2
 7.1416   0
 7.1516   2
 7.1616   1
 7.1716   0
 7.1816   1
 7.1916   0
 7.2016   0
 7.2116   0
 7.2216   2
 7.2316   0
 7.2416   0
 7.2516   1
 7.2616   1
 7.2716   0
 7.2816   0
 7.2916   0
 7.3016   0
 7.3116   1
 7.3216   0
 7.3316   0
 7.3416   1
 7.3516   1
 7.3616   1
 7.3716   1
 7.3816   0
 7.3916   0
 7.4016   1
 7.4116   1
 7.4216   1
 7.4316   1
 7.4416   2
 7.4516   0
 7.4616   1
 7.4716   1
 7.4816   2
 7.4916   0
 7.5017   1
 7.5117   1
 7.5217   4
 7.5317   0
 7.5417   1
 7.5517   0
 7.5617   1
 7.5717   1
 7.5817   0
 7.5917   1
 7.6017   1
 7.6117   2
 7.6217   0
 7.6317   1
 7.6417   1
 7.6517   0
 7.6617   0
 7.6717   0
 7.6817   0
 7.6917   0
 7.7017   0
 7.7117   0
 7.7217   2
 7.7317   2
 7.7417   1
 7.7517   0
 7.7617   2
 7.7717   1
 7.7817   0
 7.7917   1
 7.8017   1
 7.8117   0
 7.8217   0
 7.8317   2
 7.8417   0
 7.8517   0
 7.8617   1
 7.8717   1
 7.8817   2
 7.8917   0
 7.9017   0
 7.9117   1
 7.9217   2
 7.9317   1
 7.9417   0
 7.9517   7
 7.9617   0
 7.9717   0
 7.9817   1
 7.9917   0
 8.0017   4
 8.0117   2
 8.0217   7
 8.0317   2
 8.0417   2
 8.0517   4
 8.0617   4
 8.0717   1
 8.0817   2
 8.0917   1
 8.1017   4
 8.1117   2
 8.1217   2
 8.1317   2
 8.1417   2
 8.1517   1
 8.1617   1
 8.1717   0
 8.1817   0
 8.1917   1
 8.2017   4
 8.2117   0
 8.2217   0
 8.2317   0
 8.2417   3
 8.2517   2
 8.2617   2
 8.2717   2
 8.2817   0
 8.2917   0
 8.3017   1
 8.3117   4
 8.3217   1
 8.3317   1
 8.3417   2
 8.3517   0
 8.3617   0
 8.3717   1
 8.3817   1
 8.3917   1
 8.4017   2
 8.4117   1
 8.4217   1
 8.4317   1
 8.4417   4
 8.4517   1
 8.4617   2
 8.4717   1
 8.4817   0
 8.4917   0
 8.5018   0
 8.5118   1
 8.5218   0
 8.5318   2
 8.5418   2
 8.5518   0
 8.5618   0
 8.5718   0
 8.5818   1
 8.5918   2
 8.6018   0
 8.6118   0
 8.6218   1
 8.6318   1
 8.6418   0
 8.6518   0
 8.6618   0
 8.6718   0
 8.6818   1
 8.6918   1
 8.7018   1
 8.7118   0
 8.7218   1
 8.7318   0
 8.7418   0
 8.7518   0
 8.7618   0
 8.7718   0
 8.7818   1
 8.7918   2
 8.8018   1
 8.8118   0
 8.8218   0
 8.8318   1
 8.8418   1
 8.8518   0
 8.8618   1
 8.8718   2
 8.8818   1
 8.8918   2
 8.9018   0
 8.9118   2
 8.9218   4
 8.9318   1
 8.9418   1
 8.9518   0
 8.9618   0
 8.9718   1
 8.9818   1
 8.9918   0
 9.0018   2
 9.0118   2
 9.0218   0
 9.0318   2
 9.0418   0
 9.0518   2
 9.0618   0
 9.0718   2
 9.0818   0
 9.0918   2
 9.1018   1
 9.1118   7
 9.1218   1
 9.1318   1
 9.1418   0
 9.1518   1
 9.1618   7
 9.1718   5
 9.1818   3
 9.1918  10
 9.2018   6
 9.2118   8
 9.2218  10
 9.2318  11
 9.2418   6
 9.2518  13
 9.2618   7
 9.2718  13
 9.2818  10
 9.2918  13
 9.3018   9
 9.3118   8
 9.3218  10
 9.3318   7
 9.3418   5
 9.3518   4
 9.3618  10
 9.3718   9
 9.3818  10
 9.3918   5
 9.4018  10
 9.4118  13
 9.4218  10
 9.4318   8
 9.4418   9
 9.4518  16
 9.4618   4
 9.4718   9
 9.4818  10
 9.4918  12
 9.5019   5
 9.5119   6
 9.5219   4
 9.5319   2
 9.5419   3
 9.5519   3
 9.5619   2
 9.5719   2
 9.5819   0
 9.5919   5
 9.6019   2
 9.6119   0
 9.6219   1
 9.6319   1
 9.6419   0
 9.6519   1
 9.6619   1
 9.6719   0
 9.6819   0
 9.6919   1
 9.7019   2
 9.7119   0
 9.7219   0
 9.7319   0
 9.7419   1
 9.7519   0
 9.7619   1
 9.7719   1
 9.7819   1
 9.7919   0
 9.8019   0
 9.8119   0
 9.8219   1
 9.8319   0
 9.8419   0
 9.8519   0
 9.8619   0
 9.8719   1
 9.8819   0
 9.8919   2
 9.9019   1
 9.9119   1
 9.9219   0
 9.9319   3
 9.9419   1
 9.9519   1
 9.9619   2
 9.9719   1
 9.9819   0
 9.9919   0
10.0019   1
10.0119   2
10.0219   1
10.0319   0
10.0419   1
10.0519   1
10.0619   2
10.0719   0
10.0819   0
10.0919   0
10.1019   0
10.1119   0
10.1219   1
10.1319   1
10.1419   0
10.1519   2
10.1619   1
10.1719   0
10.1819   2
10.1919   1
10.2019   2
10.2119   2
10.2219   1
10.2319   3
10.2419   2
10.2519   0
10.2619   3
10.2719   1
10.2819   0
10.2919   0
10.3019   2
10.3119   1
10.3219   1
10.3319   1
10.3419   0
10.3519   1
10.3619   0
10.3719   1
10.3819   0
10.3919   2
10.4019   1
10.4119   1
10.4219   1
10.4319   0
10.4419   0
10.4519   0
10.4619   1
10.4719   0
10.4819   1
10.4919   1
 10.502   1
 10.512   0
 10.522   0
 10.532   0
 10.542   1
 10.552   1
 10.562   1
 10.572   0
 10.582   1
 10.592   1
 10.602   1
 10.612   0
 10.622   1
 10.632   1
 10.642   1
 10.652   0
 10.662   0
 10.672   0
 10.682   2
 10.692   0
 10.702   0
 10.712   2
 10.722   2
 10.732   0
 10.742   0
 10.752   1
 10.762   1
 10.772   2
 10.782   2
 10.792   3
 10.802   3
 10.812   1
 10.822   2
 10.832   0
 10.842   2
 10.852   2
 10.862   1
 10.872   0
 10.882   2
 10.892   3
 10.902   3
 10.912   2
 10.922   3
 10.932   3
 10.942   2
 10.952   2
 10.962   4
 10.972   5
 10.982   1
 10.992   3
 11.002   2
 11.012   3
 11.022   2
 11.032   5
 11.042   9
 11.052   5
 11.062   2
 11.072   2
 11.082   5
 11.092   0
 11.102   5
 11.112   3
 11.122   5
 11.132   6
 11.142   4
 11.152   0
 11.162   4
 11.172   3
 11.182   2
 11.192   1
 11.202   3
 11.212   4
 11.222   0
 11.232   7
 11.242   2
 11.252   2
 11.262   1
 11.272   5
 11.282   5
 11.292   2
 11.302   1
 11.312   3
 11.322   0
 11.332   1
 11.342   0
 11.352   0
 11.362   0
 11.372   0
 11.382   0
 11.392   0
 11.402   1
 11.412   1
 11.422   1
 11.432   0
 11.442   0
 11.452   0
 11.462   0
 11.472   1
 11.482   2
 11.492   0
11.5021   0
11.5121   0
11.5221   1
11.5321   0
11.5421   0
11.5521   0
11.5621   0
11.5721   0
11.5821   1
11.5921   1
11.6021   1
11.6121   1
11.6221   0
11.6321   0
11.6421   2
11.6521   0
11.6621   0
11.6721   0
11.6821   0
11.6921   1
11.7021   0
11.7121   1
11.7221   0
11.7321   0
11.7421   2
11.7521   0
11.7621   0
11.7721   1
11.7821   2
11.7921   1
11.8021   1
11.8121   1
11.8221   0
11.8321   0
11.8421   2
11.8521   1
11.8621   0
11.8721   2
11.8821   1
11.8921   0
11.9021   0
11.9121   0
11.9221   0
11.9321   0
11.9421   0
11.9521   0
11.9621   0
11.9721   1
11.9821   4
11.9921   0
12.0021   0
12.0121   2
12.0221   0
12.0321   0
12.0421   0
12.0521   0
12.0621   1
12.0721   0
12.0821   1
12.0921   0
12.1021   0
12.1121   1
12.1221   0
12.1321   0
12.1421   0
12.1521   0
12.1621   1
12.1721   0
12.1821   1
12.1921   0
12.2021   1
12.2121   0
12.2221   0
12.2321   0
12.2421   0
12.2521   0
12.2621   1
12.2721   0
12.2821   0
12.2921   3
12.3021   1
12.3121   0
12.3221   0
12.3321   1
12.3421   3
12.3521   0
12.3621   1
12.3721   0
12.3821   0
12.3921   0
12.4021   0
12.4121   0
12.4221   0
12.4321   1
12.4421   1
12.4521   0
12.4621   1
12.4721   1
12.4821   1
12.4921   0
12.5022   0
12.5122   1
12.5222   2
12.5322   0
12.5422   0
12.5522   0
12.5622   0
12.5722   0
12.5822   0
12.5922   0
12.6022   1
12.6122   0
12.6222   1
12.6322   1
12.6422   0
12.6522   0
12.6622   1
12.6722   0
12.6822   0
12.6922   1
12.7022   0
12.7122   0
12.7222   0
12.7322   0
12.7422   1
12.7522   0
12.7622   0
12.7722   0
12.7822   1
12.7922   0
12.8022   1
12.8122   0
12.8222   0
12.8322   2
12.8422   1
12.8522   0
12.8622   0
12.8722   0
12.8822   1
12.8922   2
12.9022   2
12.9122   1
12.9222   1
12.9322   2
12.9422   0
12.9522   0
12.9622   1
12.9722   0
12.9822   0
12.9922   2
13.0022   1
13.0122   3
13.0222   0
13.0322   0
13.0422   1
13.0522   0
13.0622   1
13.0722   1
13.0822   1
13.0922   0
13.1022   1
13.1122   1
13.1222   0
13.1322   0
13.1422   0
13.1522   0
13.1622   1
13.1722   0
13.1822   0
13.1922   2
13.2022   0
13.2122   0
13.2222   0
13.2322   0
13.2422   1
13.2522   1
13.2622   1
13.2722   0
13.2822   0
13.2922   1
13.3022   2
13.3122   1
13.3222   0
13.3322   0
13.3422   1
13.3522   1
13.3622   0
13.3722   0
13.3822   1
13.3922   2
13.4022   0
13.4122   0
13.4222   0
13.4322   1
13.4422   1
13.4522   1
13.4622   1
13.4722   0
13.4822   0
13.4922   2
13.5023   0
13.5123   1
13.5223   1
13.5323   0
13.5423   0
13.5523   1
13.5623   0
13.5723   0
13.5823   0
13.5923   0
13.6023   0
13.6123   0
13.6223   0
13.6323   0
13.6423   0
13.6523   0
13.6623   0
13.6723   0
13.6823   0
13.6923   0
13.7023   1
13.7123   0
13.7223   0
13.7323   0
13.7423   0
13.7523   1
13.7623   0
13.7723   0
13.7823   0
13.7923   0
13.8023   0
13.8123   1
13.8223   0
13.8323   1
13.8423   0
13.8523   1
13.8623   0
13.8723   0
13.8823   0
13.8923   0
13.9023   0
13.9123   0
13.9223   0
13.9323   0
13.9423   0
13.9523   2
13.9623   0
13.9723   0
13.9823   0
13.9923   1
14.0023   0
14.0123   1
14.0223   0
14.0323   0
14.0423   0
14.0523   2
14.0623   0
14.0723   0
14.0823   0
14.0923   1
14.1023   1
14.1123   0
14.1223   0
14.1323   1
14.1423   0
14.1523   0
14.1623   0
14.1723   0
14.1823   0
14.1923   0
14.2023   1
14.2123   1
14.2223   2
14.2323   0
14.2423   0
14.2523   0
14.2623   0
14.2723   0
14.2823   0
14.2923   2
14.3023   1
14.3123   0
14.3223   1
14.3323   1
14.3423   0
14.3523   0
14.3623   0
14.3723   0
14.3823   1
14.3923   0
14.4023   0
14.4123   0
14.4223   1
14.4323   0
14.4423   0
14.4523   0
14.4623   0
14.4723   0
14.4823   0
14.4923   0
14.5024   0
14.5124   0
14.5224   0
14.5324   2
14.5424   0
14.5524   0
14.5624   0
14.5724   0
14.5824   1
14.5924   0
14.6024   1
14.6124   0
14.6224   0
14.6324   0
14.6424   0
14.6524   0
14.6624   2
14.6724   0
14.6824   0
14.6924   1
14.7024   0
14.7124   0
14.7224   0
14.7324   0
14.7424   0
14.7524   0
14.7624   0
14.7724   0
14.7824   0
14.7924   0
14.8024   1
14.8124   1
14.8224   0
14.8324   0
14.8424   0
14.8524   0
14.8624   0
14.8724   0
14.8824   1
14.8924   0
14.9024   0
14.9124   0
14.9224   0
14.9324   0
14.9424   0
14.9524   0
14.9624   0
14.9724   0
14.9824   0
14.9924   0
15.0024   0
15.0124   0
15.0224   0
15.0324   0
15.0424   0
15.0524   0
15.0624   1
15.0724   0
15.0824   0
15.0924   0
15.1024   0
15.1124   0
15.1224   2
15.1324   0
15.1424   0
15.1524   0
15.1624   0
15.1724   0
15.1824   1
15.1924   0
15.2024   0
15.2124   0
15.2224   1
15.2324   0
15.2424   1
15.2524   0
15.2624   0
15.2724   0
15.2824   0
15.2924   0
15.3024   0
15.3124   0
15.3224   0
15.3324   0
15.3424   0
15.3524   0
15.3624   0
15.3724   0
15.3824   0
15.3924   0
15.4024   0
15.4124   0
15.4224   0
15.4324   0
15.4424   1
15.4524   0
15.4624   0
15.4724   0
15.4824   0
15.4924   0
15.5025   1
15.5125   0
15.5225   0
15.5325   0
15.5425   0
15.5525   1
15.5625   1
15.5725   1
15.5825   0
15.5925   2
15.6025   0
15.6125   0
15.6225   0
15.6325   0
15.6425   0
15.6525   0
15.6625   2
15.6725   0
15.6825   1
15.6925   0
15.7025   0
15.7125   0
15.7225   0
15.7325   1
15.7425   1
15.7525   0
15.7625   1
15.7725   0
15.7825   0
15.7925   1
15.8025   0
15.8125   0
15.8225   1
15.8325   0
15.8425   3
15.8525   0
15.8625   0
15.8725   1
15.8825   0
15.8925   0
15.9025   0
15.9125   1
15.9225   2
15.9325   0
15.9425   1
15.9525   0
15.9625   1
15.9725   0
15.9825   0
15.9925   0
16.0025   0
16.0125   0
16.0225   0
16.0325   0
16.0425   0
16.0525   1
16.0625   0
16.0725   0
16.0825   0
16.0925   1
16.1025   1
16.1125   0
16.1225   0
16.1325   0
16.1425   0
16.1525   0
16.1625   0
16.1725   0
16.1825   0
16.1925   1
16.2025   0
16.2125   0
16.2225   2
16.2325   0
16.2425   0
16.2525   0
16.2625   0
16.2725   2
16.2825   0
16.2925   2
16.3025   0
16.3125   0
16.3225   1
16.3325   1
16.3425   0
16.3525   0
16.3625   0
16.3725   1
16.3825   0
16.3925   0
16.4025   0
16.4125   0
16.4225   0
16.4325   0
16.4425   1
16.4525   0
16.4625   2
16.4725   0
16.4825   0
16.4925   1
16.5026   0
16.5126   0
16.5226   0
16.5326   0
16.5426   0
16.5526   1
16.5626   0
16.5726   0
16.5826   1
16.5926   0
16.6026   0
16.6126   0
16.6226   0
16.6326   0
16.6426   0
16.6526   0
16.6626   0
16.6726   0
16.6826   0
16.6926   0
16.7026   0
16.7126   0
16.7226   1
16.7326   0
16.7426   0
16.7526   0
16.7626   0
16.7726   0
16.7826   1
16.7926   0
16.8026   0
16.8126   0
16.8226   0
16.8326   1
16.8426   0
16.8526   0
16.8626   0
16.8726   0
16.8826   0
16.8926   0
16.9026   0
16.9126   0
16.9226   0
16.9326   0
16.9426   0
16.9526   0
16.9626   0
16.9726   0
16.9826   1
16.9926   0
17.0026   0
17.0126   0
17.0226   1
17.0326   0
17.0426   0
17.0526   0
17.0626   0
17.0726   0
17.0826   0
17.0926   0
17.1026   0
17.1126   0
17.1226   0
17.1326   0
17.1426   0
17.1526   0
17.1626   0
17.1726   0
17.1826   0
17.1926   0
17.2026   0
17.2126   0
17.2226   0
17.2326   0
17.2426   0
17.2526   0
17.2626   0
17.2726   0
17.2826   0
17.2926   0
17.3026   0
17.3126   0
17.3226   0
17.3326   1
17.3426   0
17.3526   0
17.3626   0
17.3726   0
17.3826   0
17.3926   0
17.4026   0
17.4126   1
17.4226   1
17.4326   0
17.4426   0
17.4526   0
17.4626   0
17.4726   0
17.4826   0
17.4926   1
17.5027   0
17.5127   0
17.5227   0
17.5327   0
17.5427   0
17.5527   0
17.5627   0
17.5727   0
17.5827   0
17.5927   0
17.6027   0
17.6127   0
17.6227   0
17.6327   0
17.6427   0
17.6527   0
17.6627   0
17.6727   0
17.6827   1
17.6927   0
17.7027   0
17.7127   0
17.7227   0
17.7327   0
17.7427   0
17.7527   0
17.7627   1
17.7727   0
17.7827   0
17.7927   0
17.8027   0
17.8127   1
17.8227   0
17.8327   0
17.8427   0
17.8527   0
17.8627   0
17.8727   0
17.8827   0
17.8927   0
17.9027   0
17.9127   0
17.9227   0
17.9327   0
17.9427   0
17.9527   0
17.9627   0
17.9727   0
17.9827   0
17.9927   0
18.0027   0
18.0127   0
18.0227   0
18.0327   0
18.0427   0
18.0527   0
18.0627   0
18.0727   0
18.0827   0
18.0927   0
18.1027   0
18.1127   0
18.1227   0
18.1327   0
18.1427   0
18.1527   0
18.1627   0
18.1727   0
18.1827   0
18.1927   0
18.2027   0
18.2127   0
18.2227   0
18.2327   0
18.2427   0
18.2527   0
18.2627   0
18.2727   0
18.2827   0
18.2927   0
18.3027   0
18.3127   0
18.3227   0
18.3327   0
18.3427   0
18.3527   0
18.3627   0
18.3727   0
18.3827   1
18.3927   0
18.4027   0
18.4127   0
18.4227   0
18.4327   0
18.4427   0
18.4527   0
18.4627   1
18.4727   0
18.4827   0
18.4927   0
18.5028   0
18.5128   0
18.5228   0
18.5328   0
18.5428   0
18.5528   1
18.5628   0
18.5728   1
18.5828   0
18.5928   0
18.6028   0
18.6128   0
18.6228   0
18.6328   0
18.6428   0
18.6528   0
18.6628   0
18.6728   0
18.6828   1
18.6928   0
18.7028   0
18.7128   0
18.7228   0
18.7328   0
18.7428   0
18.7528   0
18.7628   0
18.7728   0
18.7828   0
18.7928   0
18.8028   0
18.8128   1
18.8228   0
18.8328   0
18.8428   0
18.8528   0
18.8628   0
18.8728   0
18.8828   0
18.8928   0
18.9028   0
18.9128   0
18.9228   0
18.9328   0
18.9428   0
18.9528   0
18.9628   1
18.9728   0
18.9828   0
18.9928   0
19.0028   0
19.0128   0
19.0228   0
19.0328   0
19.0428   0
19.0528   0
19.0628   0
19.0728   0
19.0828   0
19.0928   0
19.1028   0
19.1128   0
19.1228   0
19.1328   0
19.1428   0
19.1528   0
19.1628   0
19.1728   1
19.1828   0
19.1928   0
19.2028   0
19.2128   0
19.2228   0
19.2328   0
19.2428   0
19.2528   0
19.2628   0
19.2728   0
19.2828   0
19.2928   0
19.3028   0
19.3128   0
19.3228   0
19.3328   0
19.3428   0
19.3528   0
19.3628   0
19.3728   0
19.3828   0
19.3928   0
19.4028   0
19.4128   0
19.4228   0
19.4328   0
19.4428   0
19.4528   0
19.4628   0
19.4728   0
19.4828   0
19.4928   0
19.5029   0
19.5129   0
19.5229   0
19.5329   0
19.5429   0
19.5529   0
19.5629   0
19.5729   0
19.5829   0
19.5929   0
19.6029   0
19.6129   0
19.6229   0
19.6329   0
19.6429   0
19.6529   0
19.6629   0
19.6729   0
19.6829   0
19.6929   0
19.7029   0
19.7129   0
19.7229   0
19.7329   1
19.7429   0
19.7529   0
19.7629   1
19.7729   0
19.7829   0
19.7929   0
19.8029   1
