Bruker Nano GmbH Berlin, Germany
Esprit 1.9

Date: 11/30/2016 12:04:37 PM
Real time: 4425
Life time: 4127
Pulse density: 1579

Primary energy: 80
Take off angle: 18
Tilt angle: 0
Azimut angle: 45

Detector type: SuperX
Window type: no window
Detector thickness: 0.45
Si dead layer:0.08

Calibration, lin.: 10.001
Calibration, abs.: -469.147
Mn FWHM: 130.723
Fano factor: 0.113
Channels: 2048

Energy Counts
-0.4691   0
-0.4591   0
-0.4491   0
-0.4391   0
-0.4291   0
-0.4191   0
-0.4091   0
-0.3991   0
-0.3891   0
-0.3791   0
-0.3691   0
-0.3591   0
-0.3491   0
-0.3391   0
-0.3291   0
-0.3191   0
-0.3091   0
-0.2991   0
-0.2891   0
-0.2791   0
-0.2691   0
-0.2591   0
-0.2491   0
-0.2391   0
-0.2291   0
-0.2191   0
-0.2091   0
-0.1991   0
-0.1891   0
-0.1791   0
-0.1691   0
-0.1591   0
-0.1491   0
-0.1391   0
-0.1291   0
-0.1191   0
-0.1091   0
-0.0991   0
-0.0891   1
-0.0791   0
-0.0691   2
-0.0591   4
-0.0491  32
-0.0391  94
-0.0291 194
-0.0191 311
-0.0091 475
 0.0009 608
 0.0109 578
 0.0209 450
 0.0309 307
 0.0409 174
 0.0509  73
 0.0609  42
 0.0709  11
 0.0809   6
 0.0909   0
 0.1009   0
 0.1109   0
 0.1209   0
 0.1309   8
 0.1409  12
 0.1509  12
 0.1609   7
 0.1709   9
 0.1809   5
 0.1909  10
 0.2009  13
 0.2109  19
 0.2209  28
 0.2309  51
 0.2409  83
 0.2509  91
 0.2609 167
 0.2709 137
 0.2809 133
 0.2909 131
 0.3009  94
 0.3109  67
 0.3209  31
 0.3309  23
 0.3409  18
 0.3509  17
 0.3609  17
 0.3709  15
 0.3809  17
 0.3909  22
 0.4009  22
 0.4109  14
 0.4209  18
 0.4309  16
 0.4409  16
 0.4509  14
 0.4609  16
 0.4709  27
 0.4809  38
 0.4909  53
  0.501  67
  0.511 102
  0.521  98
  0.531  95
  0.541  87
  0.551  81
  0.561  52
  0.571  32
  0.581  15
  0.591  12
  0.601  10
  0.611   5
  0.621   3
  0.631   6
  0.641   5
  0.651   1
  0.661   7
  0.671   5
  0.681  11
  0.691   7
  0.701  11
  0.711   8
  0.721  10
  0.731   8
  0.741   8
  0.751   3
  0.761   6
  0.771   5
  0.781   2
  0.791   6
  0.801   6
  0.811   3
  0.821   5
  0.831   7
  0.841   1
  0.851   5
  0.861   5
  0.871   2
  0.881   6
  0.891   5
  0.901   9
  0.911  10
  0.921   4
  0.931   5
  0.941   5
  0.951   3
  0.961   5
  0.971   7
  0.981   8
  0.991   7
  1.001  10
  1.011   5
  1.021   9
  1.031  10
  1.041  11
  1.051  21
  1.061  19
  1.071  16
  1.081  12
  1.091  20
  1.101  16
  1.111  27
  1.121  19
  1.131  21
  1.141  16
  1.151  10
  1.161  15
  1.171  14
  1.181   8
  1.191   7
  1.201   5
  1.211   5
  1.221  10
  1.231   6
  1.241  19
  1.251  12
  1.261  17
  1.271  15
  1.281   6
  1.291   9
  1.301  14
  1.311   5
  1.321   5
  1.331   6
  1.341   1
  1.351   4
  1.361   2
  1.371   3
  1.381   4
  1.391   3
  1.401   4
  1.411   4
  1.421   7
  1.431   6
  1.441   6
  1.451   3
  1.461   4
  1.471   2
  1.481   5
  1.491   1
 1.5011   8
 1.5111   2
 1.5211   5
 1.5311   2
 1.5411   7
 1.5511   7
 1.5611  10
 1.5711   2
 1.5811   4
 1.5911   6
 1.6011  10
 1.6111   7
 1.6211  12
 1.6311  10
 1.6411  10
 1.6511   5
 1.6611  13
 1.6711  19
 1.6811  35
 1.6911  37
 1.7011  57
 1.7111  63
 1.7211 100
 1.7311 106
 1.7411 117
 1.7511 120
 1.7611  92
 1.7711  99
 1.7811  80
 1.7911  59
 1.8011  26
 1.8111  36
 1.8211  26
 1.8311  17
 1.8411  10
 1.8511   5
 1.8611   7
 1.8711   5
 1.8811   4
 1.8911   5
 1.9011   3
 1.9111   3
 1.9211   3
 1.9311   6
 1.9411   5
 1.9511   9
 1.9611   9
 1.9711   5
 1.9811  10
 1.9911  14
 2.0011  14
 2.0111  24
 2.0211  34
 2.0311  27
 2.0411  42
 2.0511  32
 2.0611  38
 2.0711  44
 2.0811  40
 2.0911  43
 2.1011  44
 2.1111  41
 2.1211  39
 2.1311  28
 2.1411  25
 2.1511  30
 2.1611  19
 2.1711  17
 2.1811  16
 2.1911  16
 2.2011   6
 2.2111   5
 2.2211   6
 2.2311   4
 2.2411   8
 2.2511   8
 2.2611   9
 2.2711  15
 2.2811  15
 2.2911  16
 2.3011  17
 2.3111  17
 2.3211  21
 2.3311  23
 2.3411   9
 2.3511  17
 2.3611  14
 2.3711   9
 2.3811   6
 2.3911  12
 2.4011   7
 2.4111   2
 2.4211   1
 2.4311   5
 2.4411   1
 2.4511   5
 2.4611   1
 2.4711   4
 2.4811   1
 2.4911   2
 2.5012   4
 2.5112   1
 2.5212   1
 2.5312   3
 2.5412   1
 2.5512   3
 2.5612   2
 2.5712   2
 2.5812   2
 2.5912   3
 2.6012   0
 2.6112   4
 2.6212   5
 2.6312   3
 2.6412   2
 2.6512   2
 2.6612   5
 2.6712   3
 2.6812   3
 2.6912   1
 2.7012   1
 2.7112   1
 2.7212   1
 2.7312   2
 2.7412   2
 2.7512   1
 2.7612   3
 2.7712   2
 2.7812   2
 2.7912   1
 2.8012   2
 2.8112   0
 2.8212   3
 2.8312   3
 2.8412   0
 2.8512   0
 2.8612   0
 2.8712   2
 2.8812   1
 2.8912   0
 2.9012   1
 2.9112   1
 2.9212   0
 2.9312   2
 2.9412   0
 2.9512   1
 2.9612   1
 2.9712   0
 2.9812   2
 2.9912   3
 3.0012   1
 3.0112   3
 3.0212   0
 3.0312   2
 3.0412   0
 3.0512   1
 3.0612   2
 3.0712   3
 3.0812   2
 3.0912   0
 3.1012   1
 3.1112   0
 3.1212   1
 3.1312   1
 3.1412   2
 3.1512   2
 3.1612   3
 3.1712   1
 3.1812   2
 3.1912   3
 3.2012   2
 3.2112   2
 3.2212   1
 3.2312   1
 3.2412   2
 3.2512   1
 3.2612   2
 3.2712   0
 3.2812   4
 3.2912   3
 3.3012   2
 3.3112   1
 3.3212   2
 3.3312   1
 3.3412   2
 3.3512   1
 3.3612   1
 3.3712   1
 3.3812   2
 3.3912   0
 3.4012   3
 3.4112   0
 3.4212   1
 3.4312   1
 3.4412   2
 3.4512   3
 3.4612   1
 3.4712   1
 3.4812   4
 3.4912   3
 3.5013   2
 3.5113   0
 3.5213   1
 3.5313   4
 3.5413   3
 3.5513   1
 3.5613   2
 3.5713   0
 3.5813   1
 3.5913   0
 3.6013   0
 3.6113   3
 3.6213   0
 3.6313   2
 3.6413   0
 3.6513   4
 3.6613   1
 3.6713   2
 3.6813   5
 3.6913   0
 3.7013   2
 3.7113   2
 3.7213   1
 3.7313   1
 3.7413   0
 3.7513   0
 3.7613   0
 3.7713   1
 3.7813   2
 3.7913   1
 3.8013   1
 3.8113   0
 3.8213   0
 3.8313   1
 3.8413   1
 3.8513   0
 3.8613   0
 3.8713   4
 3.8813   3
 3.8913   0
 3.9013   0
 3.9113   2
 3.9213   0
 3.9313   2
 3.9413   3
 3.9513   2
 3.9613   1
 3.9713   2
 3.9813   2
 3.9913   0
 4.0013   1
 4.0113   0
 4.0213   0
 4.0313   1
 4.0413   0
 4.0513   1
 4.0613   0
 4.0713   1
 4.0813   2
 4.0913   2
 4.1013   0
 4.1113   2
 4.1213   0
 4.1313   0
 4.1413   3
 4.1513   1
 4.1613   1
 4.1713   2
 4.1813   0
 4.1913   3
 4.2013   1
 4.2113   0
 4.2213   1
 4.2313   0
 4.2413   0
 4.2513   3
 4.2613   0
 4.2713   2
 4.2813   1
 4.2913   1
 4.3013   0
 4.3113   0
 4.3213   0
 4.3313   2
 4.3413   0
 4.3513   3
 4.3613   1
 4.3713   3
 4.3813   1
 4.3913   0
 4.4013   1
 4.4113   2
 4.4213   0
 4.4313   2
 4.4413   1
 4.4513   3
 4.4613   2
 4.4713   0
 4.4813   1
 4.4913   0
 4.5014   1
 4.5114   0
 4.5214   1
 4.5314   0
 4.5414   1
 4.5514   0
 4.5614   0
 4.5714   3
 4.5814   1
 4.5914   0
 4.6014   1
 4.6114   2
 4.6214   3
 4.6314   0
 4.6414   1
 4.6514   1
 4.6614   0
 4.6714   1
 4.6814   0
 4.6914   1
 4.7014   2
 4.7114   0
 4.7214   1
 4.7314   1
 4.7414   1
 4.7514   1
 4.7614   2
 4.7714   1
 4.7814   2
 4.7914   1
 4.8014   1
 4.8114   0
 4.8214   1
 4.8314   1
 4.8414   2
 4.8514   1
 4.8614   0
 4.8714   0
 4.8814   0
 4.8914   0
 4.9014   0
 4.9114   0
 4.9214   0
 4.9314   1
 4.9414   1
 4.9514   1
 4.9614   1
 4.9714   0
 4.9814   2
 4.9914   0
 5.0014   0
 5.0114   1
 5.0214   2
 5.0314   1
 5.0414   1
 5.0514   0
 5.0614   3
 5.0714   0
 5.0814   0
 5.0914   0
 5.1014   3
 5.1114   0
 5.1214   0
 5.1314   0
 5.1414   2
 5.1514   0
 5.1614   0
 5.1714   0
 5.1814   1
 5.1914   1
 5.2014   1
 5.2114   1
 5.2214   0
 5.2314   1
 5.2414   1
 5.2514   2
 5.2614   2
 5.2714   0
 5.2814   1
 5.2914   2
 5.3014   1
 5.3114   0
 5.3214   0
 5.3314   0
 5.3414   0
 5.3514   1
 5.3614   0
 5.3714   0
 5.3814   1
 5.3914   0
 5.4014   1
 5.4114   0
 5.4214   0
 5.4314   1
 5.4414   2
 5.4514   1
 5.4614   0
 5.4714   3
 5.4814   1
 5.4914   0
 5.5015   3
 5.5115   2
 5.5215   0
 5.5315   0
 5.5415   0
 5.5515   1
 5.5615   0
 5.5715   0
 5.5815   0
 5.5915   0
 5.6015   1
 5.6115   2
 5.6215   1
 5.6315   1
 5.6415   0
 5.6515   1
 5.6615   0
 5.6715   0
 5.6815   1
 5.6915   0
 5.7015   1
 5.7115   0
 5.7215   0
 5.7315   1
 5.7415   0
 5.7515   1
 5.7615   2
 5.7715   1
 5.7815   1
 5.7915   1
 5.8015   2
 5.8115   0
 5.8215   0
 5.8315   4
 5.8415   0
 5.8515   1
 5.8615   1
 5.8715   1
 5.8815   0
 5.8915   1
 5.9015   1
 5.9115   1
 5.9215   1
 5.9315   2
 5.9415   0
 5.9515   2
 5.9615   1
 5.9715   0
 5.9815   2
 5.9915   1
 6.0015   0
 6.0115   0
 6.0215   0
 6.0315   3
 6.0415   0
 6.0515   0
 6.0615   2
 6.0715   1
 6.0815   0
 6.0915   1
 6.1015   0
 6.1115   1
 6.1215   0
 6.1315   0
 6.1415   0
 6.1515   1
 6.1615   0
 6.1715   0
 6.1815   0
 6.1915   0
 6.2015   0
 6.2115   2
 6.2215   1
 6.2315   2
 6.2415   1
 6.2515   1
 6.2615   2
 6.2715   2
 6.2815   1
 6.2915   1
 6.3015   2
 6.3115   2
 6.3215   4
 6.3315   1
 6.3415   2
 6.3515   3
 6.3615   2
 6.3715   1
 6.3815   3
 6.3915   1
 6.4015   4
 6.4115   6
 6.4215   3
 6.4315   5
 6.4415   2
 6.4515   1
 6.4615   3
 6.4715   1
 6.4815   2
 6.4915   3
 6.5016   0
 6.5116   3
 6.5216   0
 6.5316   0
 6.5416   2
 6.5516   1
 6.5616   1
 6.5716   3
 6.5816   0
 6.5916   2
 6.6016   0
 6.6116   1
 6.6216   1
 6.6316   1
 6.6416   0
 6.6516   0
 6.6616   0
 6.6716   0
 6.6816   1
 6.6916   1
 6.7016   2
 6.7116   0
 6.7216   0
 6.7316   1
 6.7416   4
 6.7516   0
 6.7616   0
 6.7716   1
 6.7816   1
 6.7916   1
 6.8016   1
 6.8116   0
 6.8216   1
 6.8316   0
 6.8416   2
 6.8516   0
 6.8616   2
 6.8716   1
 6.8816   1
 6.8916   2
 6.9016   0
 6.9116   2
 6.9216   3
 6.9316   0
 6.9416   0
 6.9516   1
 6.9616   1
 6.9716   0
 6.9816   1
 6.9916   1
 7.0016   1
 7.0116   2
 7.0216   3
 7.0316   0
 7.0416   0
 7.0516   2
 7.0616   1
 7.0716   2
 7.0816   0
 7.0916   4
 7.1016   1
 7.1116   2
 7.1216   1
 7.1316   0
 7.1416   1
 7.1516   1
 7.1616   0
 7.1716   0
 7.1816   1
 7.1916   1
 7.2016   0
 7.2116   1
 7.2216   1
 7.2316   0
 7.2416   1
 7.2516   0
 7.2616   3
 7.2716   0
 7.2816   0
 7.2916   0
 7.3016   1
 7.3116   1
 7.3216   3
 7.3316   2
 7.3416   0
 7.3516   1
 7.3616   1
 7.3716   1
 7.3816   0
 7.3916   3
 7.4016   0
 7.4116   0
 7.4216   1
 7.4316   1
 7.4416   1
 7.4516   2
 7.4616   0
 7.4716   4
 7.4816   0
 7.4916   0
 7.5017   1
 7.5117   1
 7.5217   4
 7.5317   0
 7.5417   1
 7.5517   0
 7.5617   1
 7.5717   1
 7.5817   2
 7.5917   0
 7.6017   0
 7.6117   1
 7.6217   0
 7.6317   1
 7.6417   1
 7.6517   0
 7.6617   0
 7.6717   0
 7.6817   1
 7.6917   1
 7.7017   1
 7.7117   0
 7.7217   0
 7.7317   0
 7.7417   1
 7.7517   1
 7.7617   1
 7.7717   0
 7.7817   0
 7.7917   1
 7.8017   0
 7.8117   0
 7.8217   1
 7.8317   0
 7.8417   0
 7.8517   0
 7.8617   2
 7.8717   1
 7.8817   0
 7.8917   2
 7.9017   1
 7.9117   2
 7.9217   1
 7.9317   0
 7.9417   1
 7.9517   1
 7.9617   3
 7.9717   2
 7.9817   2
 7.9917   2
 8.0017   3
 8.0117   3
 8.0217   2
 8.0317   2
 8.0417   4
 8.0517   3
 8.0617   2
 8.0717   2
 8.0817   5
 8.0917   3
 8.1017   0
 8.1117   0
 8.1217   5
 8.1317   2
 8.1417   1
 8.1517   2
 8.1617   1
 8.1717   1
 8.1817   2
 8.1917   2
 8.2017   1
 8.2117   0
 8.2217   1
 8.2317   4
 8.2417   1
 8.2517   1
 8.2617   3
 8.2717   2
 8.2817   0
 8.2917   2
 8.3017   2
 8.3117   2
 8.3217   3
 8.3317   3
 8.3417   0
 8.3517   1
 8.3617   2
 8.3717   0
 8.3817   2
 8.3917   0
 8.4017   0
 8.4117   0
 8.4217   1
 8.4317   0
 8.4417   1
 8.4517   0
 8.4617   2
 8.4717   1
 8.4817   1
 8.4917   1
 8.5018   1
 8.5118   1
 8.5218   1
 8.5318   1
 8.5418   0
 8.5518   1
 8.5618   1
 8.5718   1
 8.5818   2
 8.5918   0
 8.6018   1
 8.6118   0
 8.6218   0
 8.6318   0
 8.6418   0
 8.6518   0
 8.6618   0
 8.6718   0
 8.6818   1
 8.6918   0
 8.7018   0
 8.7118   1
 8.7218   1
 8.7318   0
 8.7418   0
 8.7518   2
 8.7618   1
 8.7718   0
 8.7818   0
 8.7918   1
 8.8018   1
 8.8118   1
 8.8218   2
 8.8318   1
 8.8418   1
 8.8518   3
 8.8618   1
 8.8718   3
 8.8818   1
 8.8918   0
 8.9018   1
 8.9118   2
 8.9218   0
 8.9318   0
 8.9418   1
 8.9518   1
 8.9618   0
 8.9718   0
 8.9818   2
 8.9918   3
 9.0018   1
 9.0118   0
 9.0218   0
 9.0318   0
 9.0418   1
 9.0518   3
 9.0618   2
 9.0718   4
 9.0818   2
 9.0918   2
 9.1018   2
 9.1118   1
 9.1218   0
 9.1318   3
 9.1418   4
 9.1518   1
 9.1618   6
 9.1718   2
 9.1818   4
 9.1918   3
 9.2018   5
 9.2118   6
 9.2218   5
 9.2318   3
 9.2418   5
 9.2518   5
 9.2618   9
 9.2718  11
 9.2818   6
 9.2918   7
 9.3018   4
 9.3118   7
 9.3218   7
 9.3318   3
 9.3418   6
 9.3518   4
 9.3618   8
 9.3718   5
 9.3818  12
 9.3918  11
 9.4018  14
 9.4118  12
 9.4218  19
 9.4318   9
 9.4418   8
 9.4518  12
 9.4618   7
 9.4718   7
 9.4818  10
 9.4918   5
 9.5019  10
 9.5119  10
 9.5219  10
 9.5319   3
 9.5419   5
 9.5519   4
 9.5619   2
 9.5719   3
 9.5819   1
 9.5919   1
 9.6019   3
 9.6119   0
 9.6219   2
 9.6319   0
 9.6419   3
 9.6519   2
 9.6619   0
 9.6719   2
 9.6819   0
 9.6919   1
 9.7019   1
 9.7119   1
 9.7219   0
 9.7319   0
 9.7419   0
 9.7519   0
 9.7619   0
 9.7719   0
 9.7819   2
 9.7919   1
 9.8019   1
 9.8119   3
 9.8219   0
 9.8319   0
 9.8419   0
 9.8519   2
 9.8619   1
 9.8719   1
 9.8819   3
 9.8919   1
 9.9019   1
 9.9119   1
 9.9219   0
 9.9319   1
 9.9419   0
 9.9519   1
 9.9619   0
 9.9719   1
 9.9819   0
 9.9919   0
10.0019   0
10.0119   0
10.0219   1
10.0319   1
10.0419   0
10.0519   0
10.0619   1
10.0719   2
10.0819   0
10.0919   2
10.1019   0
10.1119   0
10.1219   0
10.1319   0
10.1419   0
10.1519   1
10.1619   0
10.1719   2
10.1819   0
10.1919   1
10.2019   2
10.2119   1
10.2219   3
10.2319   2
10.2419   0
10.2519   0
10.2619   1
10.2719   1
10.2819   4
10.2919   2
10.3019   0
10.3119   1
10.3219   2
10.3319   1
10.3419   0
10.3519   1
10.3619   1
10.3719   3
10.3819   2
10.3919   0
10.4019   0
10.4119   3
10.4219   2
10.4319   0
10.4419   1
10.4519   1
10.4619   1
10.4719   1
10.4819   1
10.4919   0
 10.502   0
 10.512   0
 10.522   1
 10.532   0
 10.542   0
 10.552   1
 10.562   1
 10.572   0
 10.582   2
 10.592   2
 10.602   0
 10.612   2
 10.622   0
 10.632   0
 10.642   0
 10.652   1
 10.662   1
 10.672   0
 10.682   0
 10.692   0
 10.702   0
 10.712   1
 10.722   1
 10.732   0
 10.742   1
 10.752   0
 10.762   0
 10.772   1
 10.782   0
 10.792   2
 10.802   1
 10.812   1
 10.822   0
 10.832   0
 10.842   2
 10.852   0
 10.862   2
 10.872   1
 10.882   0
 10.892   2
 10.902   2
 10.912   1
 10.922   3
 10.932   1
 10.942   5
 10.952   1
 10.962   1
 10.972   2
 10.982   4
 10.992   1
 11.002   4
 11.012   3
 11.022   2
 11.032   7
 11.042   6
 11.052   2
 11.062   5
 11.072   5
 11.082   7
 11.092   3
 11.102   9
 11.112   3
 11.122   1
 11.132   3
 11.142   2
 11.152   3
 11.162   4
 11.172   5
 11.182   2
 11.192   2
 11.202   2
 11.212   3
 11.222   2
 11.232   4
 11.242   1
 11.252   3
 11.262   0
 11.272   1
 11.282   1
 11.292   4
 11.302   2
 11.312   2
 11.322   1
 11.332   1
 11.342   2
 11.352   0
 11.362   3
 11.372   0
 11.382   2
 11.392   0
 11.402   2
 11.412   0
 11.422   0
 11.432   1
 11.442   1
 11.452   2
 11.462   0
 11.472   0
 11.482   1
 11.492   0
11.5021   0
11.5121   0
11.5221   0
11.5321   0
11.5421   0
11.5521   1
11.5621   1
11.5721   0
11.5821   1
11.5921   2
11.6021   1
11.6121   0
11.6221   2
11.6321   0
11.6421   0
11.6521   0
11.6621   0
11.6721   1
11.6821   0
11.6921   1
11.7021   1
11.7121   2
11.7221   0
11.7321   0
11.7421   0
11.7521   0
11.7621   0
11.7721   0
11.7821   0
11.7921   0
11.8021   0
11.8121   0
11.8221   1
11.8321   0
11.8421   0
11.8521   0
11.8621   0
11.8721   1
11.8821   0
11.8921   0
11.9021   0
11.9121   1
11.9221   0
11.9321   0
11.9421   0
11.9521   0
11.9621   0
11.9721   0
11.9821   1
11.9921   2
12.0021   0
12.0121   0
12.0221   0
12.0321   1
12.0421   0
12.0521   0
12.0621   0
12.0721   0
12.0821   0
12.0921   0
12.1021   0
12.1121   0
12.1221   0
12.1321   0
12.1421   0
12.1521   0
12.1621   1
12.1721   0
12.1821   1
12.1921   0
12.2021   0
12.2121   0
12.2221   0
12.2321   1
12.2421   0
12.2521   1
12.2621   0
12.2721   0
12.2821   0
12.2921   0
12.3021   0
12.3121   1
12.3221   0
12.3321   0
12.3421   0
12.3521   1
12.3621   1
12.3721   0
12.3821   0
12.3921   0
12.4021   1
12.4121   0
12.4221   0
12.4321   0
12.4421   0
12.4521   0
12.4621   0
12.4721   1
12.4821   0
12.4921   0
12.5022   0
12.5122   0
12.5222   1
12.5322   0
12.5422   0
12.5522   1
12.5622   2
12.5722   0
12.5822   0
12.5922   0
12.6022   2
12.6122   0
12.6222   0
12.6322   0
12.6422   0
12.6522   0
12.6622   0
12.6722   0
12.6822   0
12.6922   0
12.7022   0
12.7122   0
12.7222   1
12.7322   0
12.7422   0
12.7522   0
12.7622   0
12.7722   0
12.7822   0
12.7922   1
12.8022   2
12.8122   1
12.8222   0
12.8322   2
12.8422   0
12.8522   0
12.8622   2
12.8722   1
12.8822   1
12.8922   2
12.9022   3
12.9122   0
12.9222   0
12.9322   1
12.9422   0
12.9522   0
12.9622   2
12.9722   3
12.9822   1
12.9922   1
13.0022   1
13.0122   0
13.0222   0
13.0322   1
13.0422   0
13.0522   0
13.0622   0
13.0722   1
13.0822   0
13.0922   0
13.1022   0
13.1122   0
13.1222   0
13.1322   0
13.1422   1
13.1522   2
13.1622   1
13.1722   0
13.1822   1
13.1922   1
13.2022   1
13.2122   1
13.2222   0
13.2322   0
13.2422   1
13.2522   0
13.2622   2
13.2722   1
13.2822   0
13.2922   2
13.3022   1
13.3122   0
13.3222   1
13.3322   0
13.3422   0
13.3522   0
13.3622   1
13.3722   0
13.3822   0
13.3922   1
13.4022   0
13.4122   0
13.4222   0
13.4322   0
13.4422   0
13.4522   1
13.4622   0
13.4722   3
13.4822   0
13.4922   0
13.5023   0
13.5123   0
13.5223   0
13.5323   0
13.5423   1
13.5523   1
13.5623   0
13.5723   0
13.5823   0
13.5923   0
13.6023   0
13.6123   0
13.6223   0
13.6323   0
13.6423   0
13.6523   0
13.6623   0
13.6723   1
13.6823   2
13.6923   0
13.7023   0
13.7123   0
13.7223   0
13.7323   0
13.7423   0
13.7523   1
13.7623   0
13.7723   1
13.7823   0
13.7923   0
13.8023   0
13.8123   0
13.8223   0
13.8323   0
13.8423   0
13.8523   0
13.8623   1
13.8723   1
13.8823   2
13.8923   0
13.9023   0
13.9123   0
13.9223   0
13.9323   0
13.9423   1
13.9523   1
13.9623   1
13.9723   1
13.9823   0
13.9923   0
14.0023   0
14.0123   0
14.0223   0
14.0323   0
14.0423   0
14.0523   0
14.0623   0
14.0723   0
14.0823   0
14.0923   0
14.1023   0
14.1123   1
14.1223   0
14.1323   0
14.1423   0
14.1523   0
14.1623   0
14.1723   0
14.1823   0
14.1923   0
14.2023   0
14.2123   0
14.2223   0
14.2323   0
14.2423   0
14.2523   1
14.2623   0
14.2723   0
14.2823   0
14.2923   0
14.3023   0
14.3123   0
14.3223   0
14.3323   1
14.3423   0
14.3523   1
14.3623   0
14.3723   0
14.3823   0
14.3923   0
14.4023   0
14.4123   0
14.4223   0
14.4323   0
14.4423   0
14.4523   0
14.4623   1
14.4723   0
14.4823   0
14.4923   0
14.5024   0
14.5124   1
14.5224   0
14.5324   0
14.5424   1
14.5524   0
14.5624   0
14.5724   1
14.5824   0
14.5924   0
14.6024   1
14.6124   1
14.6224   1
14.6324   0
14.6424   0
14.6524   0
14.6624   0
14.6724   0
14.6824   0
14.6924   0
14.7024   0
14.7124   0
14.7224   3
14.7324   1
14.7424   1
14.7524   0
14.7624   1
14.7724   0
14.7824   1
14.7924   0
14.8024   0
14.8124   0
14.8224   0
14.8324   0
14.8424   1
14.8524   1
14.8624   0
14.8724   0
14.8824   0
14.8924   0
14.9024   0
14.9124   0
14.9224   0
14.9324   1
14.9424   0
14.9524   0
14.9624   0
14.9724   0
14.9824   0
14.9924   0
15.0024   0
15.0124   0
15.0224   0
15.0324   0
15.0424   0
15.0524   0
15.0624   0
15.0724   0
15.0824   0
15.0924   0
15.1024   0
15.1124   0
15.1224   0
15.1324   0
15.1424   0
15.1524   1
15.1624   0
15.1724   0
15.1824   0
15.1924   1
15.2024   0
15.2124   0
15.2224   0
15.2324   0
15.2424   0
15.2524   0
15.2624   1
15.2724   0
15.2824   0
15.2924   1
15.3024   0
15.3124   0
15.3224   0
15.3324   1
15.3424   0
15.3524   0
15.3624   0
15.3724   0
15.3824   0
15.3924   0
15.4024   0
15.4124   0
15.4224   1
15.4324   0
15.4424   0
15.4524   0
15.4624   0
15.4724   0
15.4824   0
15.4924   0
15.5025   0
15.5125   0
15.5225   1
15.5325   0
15.5425   1
15.5525   0
15.5625   0
15.5725   1
15.5825   0
15.5925   0
15.6025   0
15.6125   0
15.6225   0
15.6325   0
15.6425   0
15.6525   0
15.6625   0
15.6725   0
15.6825   0
15.6925   0
15.7025   0
15.7125   2
15.7225   0
15.7325   0
15.7425   0
15.7525   0
15.7625   0
15.7725   0
15.7825   0
15.7925   0
15.8025   1
15.8125   1
15.8225   0
15.8325   0
15.8425   0
15.8525   0
15.8625   0
15.8725   0
15.8825   1
15.8925   0
15.9025   0
15.9125   0
15.9225   1
15.9325   0
15.9425   0
15.9525   0
15.9625   0
15.9725   2
15.9825   0
15.9925   1
16.0025   0
16.0125   0
16.0225   0
16.0325   0
16.0425   0
16.0525   0
16.0625   0
16.0725   0
16.0825   1
16.0925   0
16.1025   1
16.1125   0
16.1225   0
16.1325   1
16.1425   0
16.1525   1
16.1625   0
16.1725   1
16.1825   1
16.1925   1
16.2025   0
16.2125   0
16.2225   0
16.2325   0
16.2425   0
16.2525   0
16.2625   0
16.2725   1
16.2825   0
16.2925   0
16.3025   0
16.3125   1
16.3225   0
16.3325   1
16.3425   0
16.3525   0
16.3625   0
16.3725   0
16.3825   0
16.3925   0
16.4025   0
16.4125   0
16.4225   0
16.4325   0
16.4425   0
16.4525   0
16.4625   0
16.4725   0
16.4825   0
16.4925   0
16.5026   0
16.5126   0
16.5226   0
16.5326   1
16.5426   0
16.5526   0
16.5626   0
16.5726   0
16.5826   0
16.5926   1
16.6026   1
16.6126   0
16.6226   0
16.6326   0
16.6426   0
16.6526   0
16.6626   0
16.6726   0
16.6826   0
16.6926   0
16.7026   0
16.7126   0
16.7226   0
16.7326   0
16.7426   0
16.7526   0
16.7626   0
16.7726   0
16.7826   1
16.7926   0
16.8026   0
16.8126   0
16.8226   0
16.8326   0
16.8426   1
16.8526   0
16.8626   0
16.8726   0
16.8826   1
16.8926   0
16.9026   1
16.9126   0
16.9226   0
16.9326   0
16.9426   0
16.9526   0
16.9626   0
16.9726   0
16.9826   0
16.9926   0
17.0026   0
17.0126   0
17.0226   0
17.0326   0
17.0426   0
17.0526   0
17.0626   0
17.0726   1
17.0826   0
17.0926   1
17.1026   1
17.1126   0
17.1226   0
17.1326   0
17.1426   0
17.1526   0
17.1626   0
17.1726   0
17.1826   0
17.1926   0
17.2026   0
17.2126   0
17.2226   0
17.2326   0
17.2426   0
17.2526   0
17.2626   0
17.2726   0
17.2826   0
17.2926   0
17.3026   0
17.3126   0
17.3226   0
17.3326   0
17.3426   0
17.3526   0
17.3626   0
17.3726   0
17.3826   0
17.3926   1
17.4026   0
17.4126   0
17.4226   0
17.4326   0
17.4426   0
17.4526   0
17.4626   1
17.4726   0
17.4826   0
17.4926   1
17.5027   0
17.5127   0
17.5227   0
17.5327   0
17.5427   0
17.5527   0
17.5627   0
17.5727   0
17.5827   0
17.5927   0
17.6027   0
17.6127   0
17.6227   1
17.6327   0
17.6427   0
17.6527   1
17.6627   1
17.6727   1
17.6827   0
17.6927   0
17.7027   0
17.7127   0
17.7227   0
17.7327   0
17.7427   0
17.7527   1
17.7627   0
17.7727   0
17.7827   0
17.7927   0
17.8027   0
17.8127   1
17.8227   0
17.8327   0
17.8427   0
17.8527   0
17.8627   0
17.8727   0
17.8827   1
17.8927   0
17.9027   1
17.9127   0
17.9227   0
17.9327   0
17.9427   0
17.9527   0
17.9627   0
17.9727   0
17.9827   0
17.9927   0
18.0027   0
18.0127   0
18.0227   0
18.0327   0
18.0427   1
18.0527   0
18.0627   1
18.0727   0
18.0827   0
18.0927   0
18.1027   0
18.1127   0
18.1227   0
18.1327   0
18.1427   0
18.1527   1
18.1627   0
18.1727   2
18.1827   0
18.1927   0
18.2027   0
18.2127   0
18.2227   0
18.2327   1
18.2427   0
18.2527   0
18.2627   0
18.2727   0
18.2827   0
18.2927   0
18.3027   0
18.3127   0
18.3227   1
18.3327   0
18.3427   1
18.3527   0
18.3627   0
18.3727   1
18.3827   0
18.3927   0
18.4027   0
18.4127   0
18.4227   0
18.4327   0
18.4427   0
18.4527   0
18.4627   0
18.4727   0
18.4827   0
18.4927   0
18.5028   0
18.5128   0
18.5228   0
18.5328   0
18.5428   0
18.5528   0
18.5628   0
18.5728   0
18.5828   0
18.5928   0
18.6028   0
18.6128   0
18.6228   0
18.6328   0
18.6428   0
18.6528   0
18.6628   0
18.6728   0
18.6828   0
18.6928   0
18.7028   0
18.7128   0
18.7228   0
18.7328   0
18.7428   0
18.7528   0
18.7628   0
18.7728   0
18.7828   0
18.7928   0
18.8028   0
18.8128   0
18.8228   0
18.8328   0
18.8428   0
18.8528   0
18.8628   0
18.8728   1
18.8828   0
18.8928   0
18.9028   0
18.9128   0
18.9228   0
18.9328   0
18.9428   0
18.9528   0
18.9628   0
18.9728   0
18.9828   0
18.9928   0
19.0028   0
19.0128   0
19.0228   0
19.0328   0
19.0428   0
19.0528   0
19.0628   1
19.0728   0
19.0828   0
19.0928   0
19.1028   0
19.1128   0
19.1228   0
19.1328   0
19.1428   0
19.1528   0
19.1628   0
19.1728   0
19.1828   1
19.1928   0
19.2028   0
19.2128   0
19.2228   0
19.2328   1
19.2428   0
19.2528   0
19.2628   0
19.2728   0
19.2828   0
19.2928   0
19.3028   0
19.3128   0
19.3228   0
19.3328   0
19.3428   0
19.3528   0
19.3628   0
19.3728   0
19.3828   1
19.3928   0
19.4028   0
19.4128   0
19.4228   0
19.4328   0
19.4428   0
19.4528   0
19.4628   0
19.4728   0
19.4828   0
19.4928   0
19.5029   0
19.5129   0
19.5229   0
19.5329   1
19.5429   0
19.5529   0
19.5629   0
19.5729   0
19.5829   0
19.5929   0
19.6029   1
19.6129   0
19.6229   0
19.6329   0
19.6429   0
19.6529   0
19.6629   0
19.6729   0
19.6829   0
19.6929   0
19.7029   1
19.7129   0
19.7229   0
19.7329   0
19.7429   0
19.7529   0
19.7629   0
19.7729   0
19.7829   0
19.7929   1
19.8029   0
19.8129   0
19.8229   0
19.8329   0
19.8429   0
19.8529   0
19.8629   0
19.8729   0
19.8829   0
19.8929   0
19.9029   0
19.9129   0
19.9229   0
19.9329   0
19.9429   0
19.9529   0
19.9629   0
19.9729   0
19.9829   0
19.9929   0
20.0029   1
